0.812393
1.8764378
1.3761692
1.2083334
2.0072803
1.75473
1.1986998
1.730814
0.95165455
1.1884208
1.5871623
1.9098834
1.5859368
2.0858586
0.89444447
1.3682634
1.5757312
2.5333333
1.5467224
1.5921926
1.5994791
0.89668065
2.2305574
1.9903811
1.0975877
1.6904491
2.138751
1.9933819
1.3880429
0.8130209
2.010105
1.3936908
1.4358634
1.3627462
1.7619998
1.2505953
1.6255867
1.5322852
2.1708388
1.9108082
1.5300612
1.4539478
1.3830619
1.6322138
1.5287083
2.0195506
1.6790178
1.3935038
1.9137493
1.3249999
1.832688
1.8543082
1.5394052
2.1327248
1.3137158
1.6596987
1.895016
1.3707352
1.8716424
1.6629252
1.3578526
2.2239447
1.0851347
0.8337382
1.0652174
0.5833333
1.7521195
1.7368422
1.2045455
1.0
1.0723761
1.177189
1.918211
1.3305256
1.9160928
1.7871305
1.6557903
1.3749193
1.4801232
1.2385851
0.99103427
1.9748969
1.5886409
2.0482996
0.9857736
1.1067798
1.6210877
0.67546296
1.0201849
0.80340904
1.6040277
1.6545906
2.1927967
1.1270121
1.943658
1.9580964
1.8333333
1.2857949
1.4601543
1.2771778
1.9136263
1.5845604
1.6856967
0.42307693
1.3422378
1.6581185
1.4267198
1.2301545
1.4715524
1.49015
2.1029172
1.9594241
2.3333333
1.7766216
0.97171986
1.2296329
0.942517
1.4545184
1.816788
1.8343023
0.375
0.89823717
0.98717946
1.2164207
1.8139498
1.4277868
1.7793132
1.45789
1.388217
1.3916804
0.73016226
2.0081944
1.4889129
1.942951
2.0294745
1.8203691
2.0056999
1.5932475
1.8127077
1.6304598
1.7812017
1.6751677
1.5852904
1.9811827
1.6604888
1.9439481
1.0519121
1.9129944
1.3015872
1.6764134
2.1808152
1.6396435
0.87115383
1.7179487
1.8055555
1.4752495
1.8164308
1.0986487
1.60022
2.0185454
1.208229
2.0122278
1.7092757
1.7740158
1.557907
1.3837209
1.347826
1.9079499
1.3786385
1.5240699
1.9476665
1.6844804
1.6791666
1.2126865
1.3427478
1.779544
1.3939394
1.4219236
1.0253623
1.8659629
1.1282946
2.4910712
1.9585339
1.8915213
1.8055557
1.5855775
1.9351016
1.5004443
1.7211273
1.8310274
1.6652477
2.0508401
2.03374
1.4440042
1.2006074
1.4036098
1.7666667
1.8550292
2.1101837
1.5553057
1.5956684
0.84807694
1.0347222
1.2407408
1.9980668
1.7433589
1.8023784
1.689091
1.6210681
1.4511904
1.2051446
0.9089637
1.964955
1.7392092
1.9835684
1.3824694
1.3875
1.704972
1.7040693
0.67992425
2.0870817
1.5086225
1.4335164
0.0
1.7789185
1.4067264
0.0
2.1806889
0.60294116
1.2843891
2.1366105
0.50892854
1.5873855
2.0072324
1.8613153
1.9112781
1.2297031
1.8065476
0.0
1.2302347
1.4688352
1.9433334
1.1336539
1.6755319
2.1827888
1.1113373
1.6042906
0.70176136
1.5833334
1.7329656
1.3843434
1.9620754
1.3680557
1.7963717
1.9714392
1.1338342
1.7569065
1.3421571
1.4261342
2.1493185
1.2967143
1.7100245
1.7867583
1.4029914
2.0962963
2.1508362
1.9356333
1.3601273
1.0782473
0.0
1.505814
0.71745515
2.0642865
1.7590351
1.8648604
1.9693537
1.9780288
1.2632041
1.6558084
0.27472526
1.310606
1.7541018
1.309452
2.5
1.4538344
1.6523788
1.8993455
1.4743017
2.0262098
1.8970268
1.4092016
2.1013615
1.9175097
1.9765047
2.1396976
1.7294074
1.5284553
1.94
1.766756
1.6736987
1.9389535
1.0640566
1.5729387
1.2046878
1.5251099
1.3202704
1.7884157
0.8181818
1.5451206
1.0860231
1.3333333
1.923104
1.9075068
2.08333
1.4030056
1.944878
0.73035717
0.8704365
1.25
2.2019818
0.75
1.3049365
1.5310086
1.333114
1.7921617
1.5965768
1.2610435
1.0950677
1.9576833
1.8894715
1.1201798
1.6979167
2.1896594
1.5568352
1.4126724
1.8235401
2.1551824
1.6010197
1.7641289
1.7577264
1.861111
1.2518693
1.7134851
1.792726
2.1427417
0.64285713
1.6479535
1.2208333
0.46168223
1.8662504
1.952282
1.2130276
0.7032258
1.1366459
1.3013101
1.9761314
2.145986
1.9
1.7627742
1.7164954
1.5682913
1.8112212
1.9416666
1.7360761
1.3064474
1.4462891
1.9066888
1.4257782
1.423792
1.5809755
2.1646283
1.2122093
1.5144961
1.4399761
2.0548718
2.048339
1.5962254
1.9808275
2.1055937
1.6659486
1.0750608
1.3289922
1.60915
0.25
1.7532533
1.2233386
1.1805606
2.0486734
2.2284696
1.940207
2.1104789
1.6212615
1.9880041
1.4790562
1.9976852
1.5476843
0.9666667
2.05
1.3318397
1.3631744
2.124908
1.0757264
2.084842
1.3229762
1.9807016
1.1594087
1.2432638
0.7715909
1.553416
1.5839934
1.6810483
1.4794246
1.8160477
1.92413
2.000835
1.7298136
1.7904439
1.820629
1.130814
0.8902778
1.0343583
1.3521749
1.7681952
2.171875
1.1366198
1.8703847
0.7758123
1.6802953
2.1537411
1.242574
1.7054759
2.0008323
1.6532258
1.2804488
1.5423931
2.125
1.4699924
1.8011144
1.9271978
2.2875
0.5
1.7511947
1.9058799
1.7584738
1.5388119
1.1829271
1.3622265
1.9524187
1.9934211
1.3574561
1.4704459
1.6728654
0.69310635
1.5666667
1.9568847
1.4315246
1.6898357
1.270661
1.7660745
1.8941964
1.9599142
1.7286907
1.954064
1.2422705
1.749401
1.3774512
1.8336997
2.0018141
1.6673061
0.5
1.8506328
1.0160372
2.080237
1.7310878
1.5215278
1.373683
1.5255462
1.8662806
3.0
1.380814
2.1142924
1.3604319
1.4118798
1.6570091
1.8200494
1.959515
1.4247986
0.25
0.6666667
2.0779023
1.8268038
1.1580338
1.6412121
1.9857163
1.7011636
1.8121243
2.027791
1.7414805
1.4312576
1.6692139
1.2083333
1.1593202
1.0385451
1.3497475
0.9906136
1.7208683
1.9525045
1.3799613
1.9924719
1.8541671
1.7028899
2.0122738
1.9891977
1.4070044
1.9891688
1.92821
1.7576475
1.8851767
1.5487105
1.366333
1.5356109
1.5277824
1.686327
1.6718493
1.4630522
2.1403482
1.9995139
1.3761001
2.0787768
1.2827872
1.5920569
1.5373801
1.2618291
1.8382868
1.5833334
1.9757376
1.1577884
1.5271268
1.9690546
1.4149106
1.5757337
1.9974927
1.6666666
1.984628
2.09186
1.1388072
1.6609423
1.5909722
1.4842682
1.6099837
2.0331843
1.9740174
2.0049453
1.961009
1.899256
1.7164546
1.5406662
1.2680639
1.8023758
1.4655472
1.9906293
1.4574156
1.8851224
2.0847301
1.0084368
1.8989062
0.5386364
1.9587972
1.2738096
2.0311065
1.4409204
1.5810767
1.9810491
1.4619592
1.7937291
1.7738107
1.4482216
1.2987033
2.142656
1.7084035
1.7434387
1.946106
2.2125947
1.8239053
2.0065076
1.4934831
1.455359
2.270851
1.5850182
1.7260978
1.7655536
1.6173632
1.5747807
1.453125
1.4095432
1.7898061
1.3543848
1.6232802
0.25
0.93350863
0.99271363
0.7916667
1.2380952
2.3333335
2.0086417
1.900423
1.4868302
1.9415593
1.7137433
0.86394554
1.9375
2.1719115
2.062148
1.445581
1.6970084
1.4373257
1.7839674
1.4537802
1.3154762
1.9276423
1.5837971
0.7942709
2.17664
1.3293136
0.9954527
0.42777777
1.0601034
1.3879906
1.7392393
1.4263815
1.7661616
2.060112
1.6247014
1.650004
1.3145002
1.1415343
1.7876524
0.48148152
1.4950562
1.2626995
1.4161493
1.6610543
2.0197175
2.0149503
2.1455443
1.9591178
1.5501282
2.0493023
2.5588236
0.90185183
1.0
1.6036105
0.8991125
1.3923534
1.8595822
1.7181472
1.442402
1.4810543
1.8596121
0.7057133
2.0300155
1.3641987
1.2884429
1.8892031
1.6402181
1.8251708
1.1859266
1.6198041
1.8090895
1.4360893
1.2525952
2.0380952
1.0
1.7011056
1.3142856
2.1170943
0.97109705
0.64134544
1.3960081
1.8017368
1.7323817
1.1309524
2.1196468
1.3120003
1.6198937
1.3012066
1.8431331
2.4636633
0.94882303
1.949164
1.5102545
2.031515
1.3993473
1.9659983
1.1187117
1.9379382
1.9937863
1.8272228
0.5424836
1.1515064
2.0265641
1.7415392
1.6677389
1.0422535
1.2
0.8316823
1.7050982
1.8270696
1.6508192
1.592262
1.4909848
2.102903
2.159321
1.5274082
2.048651
1.9673245
1.8149629
1.6364043
1.823554
1.4099014
1.7235734
1.7329283
2.040483
1.9557452
1.9221078
1.4994991
1.9851571
1.1153375
1.3190826
1.7303356
1.9987612
1.9111668
1.8798541
1.1073593
0.93308216
2.023906
1.7872181
1.4097905
2.093946
0.9799995
1.9203633
1.7729143
1.9474599
1.7320548
1.3719862
1.391485
2.25
2.0601122
1.6265097
1.1891756
1.2357384
1.6903676
1.0180761
1.3630491
1.127907
2.2498612
1.8917135
1.3718425
1.6295922
1.413021
1.2549212
2.0599444
1.5674105
1.4929953
0.7728858
1.7123806
1.4037745
1.8685148
1.3501971
1.0981733
1.099049
1.8827991
1.4661151
1.2430751
1.8399059
1.5041571
1.443156
2.233572
1.5463228
1.3148495
1.9487203
1.27062
1.633827
1.821788
1.5432099
1.5812535
1.5666956
1.0322951
2.317589
1.1441118
2.023025
1.6659507
1.2732017
1.9565297
1.4246535
1.77903
1.365481
1.5937613
2.11961
1.3695711
1.6577778
1.496143
1.5340791
1.8168375
1.8213539
1.9437914
1.817593
1.9155526
2.110771
1.6576189
2.180342
2.1267724
1.0716578
1.5253937
1.8800448
1.1975672
1.8293437
0.99095607
1.8499924
1.2113385
1.758917
2.1833873
2.5454545
1.3596679
2.0251331
1.9432497
2.271942
0.9673972
2.1707876
1.4767995
1.4838103
1.957695
1.3057055
1.3777195
1.4929873
2.1606379
1.9588594
1.9597754
1.1150333
1.3938891
1.3732903
1.1580832
1.0403564
0.87314814
1.111369
2.0547023
2.28055
1.0173011
1.4942814
0.820132
1.2989204
1.8177973
1.679402
1.4333334
2.1119764
1.314103
1.4939451
1.9672917
1.9455178
2.0167727
1.4566712
1.8307444
1.9512353
1.3285569
1.4232708
1.5503182
1.3657224
1.540014
1.5039788
1.879001
1.7444082
1.562154
1.8687434
1.0978463
2.0386515
1.4935824
1.004042
1.4305077
1.5440171
1.9897627
1.1878788
1.7912248
0.65686274
0.77124184
1.4619541
1.8246189
1.1931818
1.7088603
0.97403
3.0
1.7217575
0.9071429
1.982756
1.9333318
1.3057183
2.2576268
1.1974317
1.0786141
0.7821361
1.5750765
2.0899167
2.3100178
2.166262
1.3707862
1.4375
1.5462962
1.3004806
2.0361762
1.9550515
1.7262548
2.0343435
2.074132
1.2414494
1.4064512
1.4984204
0.125
1.8322164
0.65384614
1.2426949
1.7820512
1.4800454
2.0460753
0.81417984
1.7604479
1.5295614
1.9056182
1.257292
1.782451
1.5511452
1.7033147
2.646716
1.3073592
1.919519
1.5477725
1.1917614
1.6666666
2.1225932
1.6624612
1.4900167
1.56311
1.5543971
1.81949
2.090955
1.0342816
1.7446316
1.5019519
1.7319161
1.1138673
1.83641
2.1989796
1.5611027
1.755814
1.6620389
1.1858677
1.8787546
1.5461524
1.0161908
2.1008663
1.4379736
1.0974131
1.4205313
1.7321695
1.8253173
1.1800194
1.2623907
1.7213596
1.2146461
1.3722155
1.7563181
1.5542327
1.6125647
1.9588462
1.8407714
2.003224
1.1785425
1.5354923
0.79194146
1.2701669
1.3666666
1.973861
1.9152524
1.9837399
1.5593652
1.8189938
2.036913
1.9834254
1.9603205
2.1742334
1.5035498
0.877907
1.6872517
1.5619047
1.7163409
1.6007968
1.5946188
1.291771
1.9056848
0.8256054
1.2888802
1.5753969
0.8608044
1.5426588
2.190027
2.1075346
1.4563493
0.8125
1.9552152
1.5027152
1.8284521
1.6088941
1.151766
1.3387969
2.1836514
1.798245
1.0
1.8694637
1.477907
1.7609315
2.2217305
1.7685938
2.0405364
1.8560297
1.9878206
1.5319093
1.512381
2.4333334
1.7993019
1.8734568
2.1083562
1.0917974
2.0762382
1.7354814
1.5380622
1.8182741
1.6
2.1153061
1.5667628
1.9924425
1.8790982
1.6491656
1.7584906
1.5444647
1.5011435
2.0533068
2.0751956
1.7775171
1.9417189
1.8622739
1.7928572
1.944731
1.978586
2.39779
1.8436533
1.844261
2.3901358
1.6964399
1.836716
2.026841
1.6666666
2.1006777
1.8784282
1.6558983
2.217816
2.044004
1.8563898
2.0256279
1.3546747
2.2539837
1.8248346
1.9426886
1.8889616
2.208336
1.4047619
1.6220949
1.7589315
1.7120148
2.2178571
2.2263782
2.1260197
2.12232
1.5412083
1.8907002
1.8320898
1.4499999
1.6282601
1.905871
1.9011014
1.7767874
1.7988095
1.6182156
1.4871088
1.517517
1.6730163
1.3201858
0.8125
2.0670757
1.2480159
1.8322991
2.3013148
2.0014534
2.0721648
2.110846
1.8417333
1.956513
2.009295
2.38225
2.2370732
2.5
1.7331387
1.7424546
2.35
1.8198569
1.9259259
2.3357143
1.3425153
1.7029374
1.4460367
1.3595238
2.237159
1.8070246
1.9853389
2.1880424
1.8892286
1.6546786
1.1461267
2.1666667
1.5733457
1.8690476
1.7218994
1.4747596
1.2380953
1.7489309
2.0833187
1.6333146
1.6860721
1.4266814
1.748718
1.7526149
1.3960677
1.639711
1.7500222
1.5651557
1.9256101
1.9277776
1.5946387
1.5868511
1.7091609
1.5761784
1.8939781
1.8126222
2.0103545
1.8126755
1.785611
1.9362837
2.0950449
1.6502976
1.5233827
1.9138288
2.289953
1.7863865
2.3284414
1.7785784
1.686011
1.6543328
1.8364292
1.9056467
2.475
1.9699386
1.4375
1.3649968
1.7204086
1.911841
1.6414936
2.26949
1.8133333
1.7441329
1.9947323
1.7914288
2.0007336
2.1061287
1.7623016
1.2777778
1.6613883
1.6976433
1.6122643
2.0
1.030303
1.5299494
1.8504632
1.4177802
1.6618863
1.8496802
2.103408
2.0438168
1.5050606
1.8408121
1.5354668
1.6042423
1.5083333
2.1636212
2.1807742
2.2033231
1.8320891
1.4789379
1.5954404
1.8192325
2.077664
1.7222768
1.6973953
1.7469231
1.8038462
1.4238094
2.1545258
2.2369142
2.1034093
2.0284245
1.9551603
1.5531955
1.7016486
2.2723744
2.3216581
2.0370483
1.7981817
1.6439708
1.8610234
0.8125
2.3174603
1.8043404
1.8487391
1.718016
2.3161094
2.0636497
1.6083333
1.8578231
2.1543648
1.5967348
1.9403521
1.2842104
1.4864253
1.7986581
1.8761412
2.1254017
1.694198
1.9690024
1.6952752
1.7583333
1.1444446
1.5572821
1.5842593
1.5037582
2.0993638
1.8862505
1.9453703
2.0336773
2.0196028
1.5484397
1.2023809
1.0138427
1.8117186
1.8833482
1.6514448
1.891954
1.6087962
1.7111158
1.7033731
1.8249185
1.7807018
2.239571
2.282857
2.094017
1.6331985
2.0416665
1.8303144
1.990536
1.9
1.452381
0.7916666
1.6505681
1.9737549
1.7057121
1.8873804
1.4617897
1.8340335
1.8331815
1.8497114
1.5287825
1.3582472
1.6311868
1.7221766
1.9823298
1.8866158
1.7862064
2.1927786
1.945484
2.120031
2.2629964
1.9582244
1.7648213
2.1578526
1.9807645
1.6875
2.1414564
1.3
2.4160538
1.4538462
1.5537083
1.5917367
2.1577516
1.9341018
1.268636
1.6468107
1.7193185
1.8653911
2.6013746
1.8185911
1.563495
2.0166821
1.9104522
1.65521
2.2716475
1.854051
2.2038908
1.6477857
1.5512685
1.7380953
1.7263232
1.8423926
1.9097853
1.731646
1.6561339
1.8142445
1.8482527
1.8293062
2.0
1.8981037
1.7167767
1.6703666
1.9112257
1.8174639
1.5181221
1.7892157
1.947619
1.6161785
2.1131291
1.4705882
2.169163
2.206319
1.7959933
1.6017976
1.4816375
1.8783832
2.0382693
1.822456
2.2648513
1.3190476
1.9686518
1.9116709
1.7104886
1.4685574
1.6234742
1.2589488
2.137486
1.8611622
1.9887147
2.2703328
1.8375949
1.8309251
1.7198379
1.7861139
1.8280281
1.6270006
1.877907
2.4212303
2.0109577
2.111111
1.8767041
1.8302939
1.7080896
2.0
1.6407375
1.5672126
1.8780082
2.0
1.87736
1.5212692
1.7091314
2.0301492
1.793989
1.8333333
2.7291667
2.0215468
2.1368687
1.7030182
2.205933
1.875
2.351178
1.8159859
2.2899902
1.5703217
2.35
1.5331224
1.283165
1.757555
1.9940675
1.8066318
1.74088
1.5006245
1.7349217
1.8122575
1.1227273
1.6419221
1.9945372
1.751819
1.8329365
1.4276316
1.455945
1.8179601
1.8039738
1.8137699
1.3100001
1.3463888
1.5020176
1.6774267
1.6949809
1.5388935
1.9683342
1.8016955
1.4166666
1.457551
1.8319471
1.7508731
1.8972768
1.9404064
1.7448591
1.7174687
1.1750001
1.539369
1.6835123
2.0995092
1.5532231
1.7660493
1.8173256
1.5988437
1.5415587
1.3717912
1.9776222
1.25
1.3338203
2.248052
1.7943473
1.6109694
1.4916666
1.7660629
1.8008469
1.8333334
2.0973582
1.64975
1.802279
1.792281
1.7367933
1.7963719
1.676335
1.7292587
1.7551883
1.8187119
2.0637486
1.7969531
2.178698
1.6514864
1.6671073
2.102433
1.736292
1.9002646
1.9164869
1.6414654
2.1927345
1.5152814
1.1428572
1.89603
1.8740861
1.9769474
2.1126902
1.426956
1.4671011
1.8127502
1.666909
1.9275109
1.94494
1.0416666
1.3277777
2.0581949
1.6666666
1.9061062
1.867647
2.1583114
1.8968868
2.1004
1.7584999
1.7870456
1.6236879
2.1914954
1.5381646
1.717785
1.6412987
2.0927482
1.6050504
1.6542565
1.5326221
1.7001946
2.026973
1.8942161
1.5468358
2.2916667
2.8571427
2.1777296
2.343045
1.8890953
2.1361008
2.1070068
1.9748491
1.8029581
2.0876386
1.4722222
1.3518745
1.7624547
1.861959
1.6207556
1.7392353
2.051619
1.9881719
2.2516003
1.7331791
1.8789572
2.0911589
2.113251
1.8732156
1.65724
1.5866917
1.9195006
1.9582306
1.339375
1.6042757
1.8888022
1.8316982
1.6942706
1.625
1.6556808
1.4091992
1.8761561
1.563858
1.6428572
1.8486179
1.6056904
1.3636364
1.5459398
1.775581
1.6123071
1.5716116
1.9688792
1.7458334
1.2790852
1.8208921
1.8134861
1.2024306
2.5422535
2.2309096
1.5698113
2.0229332
1.8830434
1.8332082
1.8391677
1.9683272
2.1207192
1.7809298
1.884236
2.1
1.7147589
2.167303
1.8238858
1.8472021
2.046567
1.8244653
1.5
2.1083367
2.1075654
2.2460406
1.4805297
2.099906
2.0033562
2.0588353
1.469021
1.950535
2.0082312
1.7875118
2.040979
1.9769644
1.5416213
2.0043838
1.9795202
2.0076923
1.9344081
1.9601847
1.6391273
1.0470085
2.1466892
1.7649319
1.817111
1.8263941
1.7103052
1.7646275
1.8166338
1.6071713
1.9067969
1.837705
1.8800895
1.7557135
1.5120348
1.7064936
1.7685184
1.7974855
1.4134921
1.4652107
1.5371562
1.8267543
1.741522
1.8885932
1.719697
1.0480769
1.5007616
1.598022
1.6816435
1.6277755
1.4740598
1.8095692
1.9627738
1.379121
1.9165753
2.019883
2.1936817
1.6594853
1.9010129
1.3889972
1.7861761
1.5965507
1.4890672
2.1488037
2.0683775
0.8666667
1.9504416
2.0924313
1.4857143
2.1198907
2.0103302
1.6357805
1.7945774
1.7693799
1.5188917
1.9957093
1.8651148
2.1004395
2.2023585
2.2332375
2.0782285
2.0502117
1.8895543
1.9502372
2.0578501
2.1549559
1.6924622
2.0400538
1.922999
1.7449389
1.9589568
1.7930883
2.1194806
1.9351851
1.5225574
2.1456974
1.8301147
2.2955117
1.9321645
2.4656472
1.842866
1.8590908
1.6891025
1.5931076
1.706042
2.218655
2.0071654
2.0246985
1.9544468
1.8655437
2.2727273
2.8888888
1.8835812
1.375
1.9915271
1.788858
1.4120448
2.4056242
2.2189891
2.252012
2.5777776
1.8989074
1.6295742
1.9095281
1.773988
1.4262038
1.6387302
1.6066366
1.6412002
2.5714285
1.7642926
1.8807518
1.5145488
1.5694915
1.9724236
2.1977684
1.6597012
2.1030586
1.7388878
1.7234778
1.8006078
1.5707878
1.9003705
1.3130835
1.8730836
2.1782043
2.1968799
1.9397163
1.9627659
2.0460198
2.290999
2.0348923
1.8906097
2.1833673
1.6569065
1.8527766
1.9855093
1.5585107
2.0849705
1.6836989
1.5807971
2.157318
1.8865685
2.85
1.8196969
2.0759788
1.6165848
1.674711
2.0110173
1.8625069
1.7532051
1.65
1.9583533
2.108225
1.4907036
1.9864707
2.0
1.4787264
1.6860378
1.8092694
1.691342
1.947928
1.5319375
1.6407882
1.9666812
1.3254058
2.2880955
1.3531862
1.8142889
1.663471
1.6081328
1.8312361
1.0462152
1.8737371
1.9582425
1.5770876
2.021112
2.193463
1.234748
1.7588015
1.1666667
2.2508135
1.7014023
0.625
1.4576923
1.7308081
1.8827543
1.9306203
2.0233092
1.9237065
1.9376044
1.9691402
1.5
1.6231244
1.5507451
2.084507
1.984406
1.5535365
1.9850086
2.208531
2.1440191
1.7781872
1.4036655
2.077972
2.2973585
1.3266697
1.8174164
1.5796098
1.7426546
1.890349
1.6778294
1.7576153
1.7598683
2.0897884
2.4863439
1.7709689
1.8749098
1.9256505
2.0338337
1.3999923
2.6
1.9297922
1.3785057
1.9075701
1.7585747
1.6970779
1.7160183
1.8493379
2.222279
1.8608917
2.0
1.8481406
2.101142
2.128205
1.7220646
1.4146616
2.259189
2.060927
1.5675999
2.0468683
1.6255027
2.0573738
1.2389536
1.704896
2.8333333
1.9583334
2.3151515
2.052381
1.8488072
1.189538
2.0948737
1.4039855
1.9148701
1.396553
1.928747
1.5624104
2.0239158
1.8081402
1.6999508
1.7750001
2.1421444
1.9788316
1.5622474
1.4608405
1.6880836
2.0995312
1.9333156
2.276042
1.8101473
1.5596008
1.7055537
2.1229696
1.2509921
1.6575757
1.9583334
1.7559849
1.5978694
2.2197254
2.1671793
1.7733531
2.147439
1.8804139
1.9220622
1.9836531
1.7976061
1.8154671
1.8767499
2.3520634
1.5786196
1.2791383
2.0660267
2.1061816
1.9025297
1.9514542
2.0869312
1.3471265
1.9833626
2.4793124
2.0016618
1.9753661
2.00488
1.0
1.5644977
2.459539
1.7937446
2.1306043
1.8779095
2.106408
1.732799
2.1779702
1.422753
1.6666666
1.627224
1.9686176
2.4837399
1.9414772
1.9813563
1.7335981
2.1013222
1.6410047
1.625
1.9726213
1.9751937
1.6595404
2.0120213
1.4333334
2.0723631
1.9745712
1.924026
2.0999858
1.9095185
1.198489
1.8289387
2.176946
1.552448
2.1484118
1.565036
1.0
1.7635849
1.6791626
1.7313284
1.5836066
1.591438
1.4241395
1.7116402
1.88414
1.6079786
1.8606817
2.1751025
1.5360917
1.7459458
1.5694678
1.9828513
1.5
2.2346988
1.7966237
1.8517715
1.8925927
1.8512292
1.9336735
2.0685165
2.0364003
1.3303033
1.9431746
1.8684113
2.137687
2.0384514
1.8688674
2.3541665
2.0652878
1.7117106
1.9197668
1.4903846
1.8873768
1.3327636
1.5313512
1.9635539
1.0
1.375
1.6803257
1.4897436
1.9150889
2.1325395
1.698648
1.785034
1.9154879
1.2295334
1.9686862
1.6800541
1.9039731
1.8515513
2.0333662
2.247548
1.4852253
1.829365
2.001221
2.0024061
1.9854438
1.9230267
1.8795239
1.8037431
1.6948261
2.247876
1.9804688
1.7659065
2.4336977
2.5288937
2.0409207
1.1773725
1.525544
1.5077922
1.9858156
1.5430874
1.6478332
1.58995
1.736387
1.5124396
2.168268
1.9127403
2.1275325
1.7534906
1.6765872
1.5785728
1.9725673
1.5945263
1.804324
1.7379309
1.7231203
2.0055652
1.6248916
1.6933945
1.5268028
2.105352
2.3957283
1.6964777
1.7100303
1.8204553
2.1064682
1.8313842
2.2550735
1.6526845
1.9408243
1.847678
1.7444445
2.2959752
1.9014003
1.5144455
1.3679488
1.876666
1.6989949
2.085239
1.9642874
1.9903699
2.671288
1.5438144
1.9734285
1.7383771
1.6969566
1.4166666
2.0954967
1.7053571
1.6770562
2.3707724
1.8440458
1.8833491
1.4688132
1.3038228
1.4019607
1.8368946
1.9000636
1.6354167
2.6666665
2.4976954
1.3846154
2.0928571
2.005458
2.0448513
2.1172118
2.095507
1.9069165
2.2652225
1.9300826
1.5630146
1.9428571
1.8856496
1.5500054
1.897981
2.25
1.5241052
2.182761
1.9300836
1.6584684
2.1330264
1.9899927
1.5565386
1.6975095
1.786582
2.2675548
1.5464015
1.8259261
2.1231902
1.8709284
1.7415184
1.8612175
1.8818033
2.0423076
1.5829456
1.4689231
1.8424833
1.2983516
1.7121692
2.0625
1.957401
2.1604676
1.7311765
1.5
3.0
2.0
2.2281733
2.3255987
1.8056699
1.7868853
1.6181011
2.0418415
1.6345052
1.4436156
1.8137351
1.7028244
1.4057331
0.25
2.0474155
1.8454287
1.8414148
2.007112
1.9266927
0.7003546
1.5906929
2.0946429
1.2989926
1.7767789
1.2891309
1.7684656
1.9830242
1.6925414
1.7566208
1.4053559
2.029762
1.6735004
1.4672439
2.3003187
1.4545455
1.668518
2.1395116
1.375
2.105484
1.8637127
2.1186478
1.8592514
2.110412
1.9221
1.5101997
1.6136364
2.0861483
2.1763601
2.011333
1.8309528
1.1349534
1.8333216
1.6114523
2.1392374
2.0383282
2.0708325
1.6474363
1.5834547
1.9985201
1.6802258
1.9975004
1.8567073
1.8266776
2.0298471
1.7390745
1.6539749
1.6634864
1.6526376
1.8832462
1.2959602
1.9500699
1.7875099
2.1924243
1.9544127
1.9444443
2.4874728
2.189083
1.67626
2.0
1.9241159
1.5341759
1.6597222
1.7831349
1.5625
1.8687301
1.5311629
2.0557604
2.337414
2.087946
1.6639694
1.8238814
1.6883681
2.1672642
1.5153942
2.0946822
1.546167
1.923077
2.1560953
1.75647
1.7511914
1.8104147
2.008366
2.0325363
1.7142857
1.0
1.9626434
1.7240572
1.8733076
1.5716109
1.85625
1.8611112
1.8843628
1.9730477
1.5110488
1.7538332
1.2217617
1.8542137
1.9390671
1.8194664
1.8814744
1.5423744
1.9469697
1.7849925
1.5981547
1.8321811
1.9488636
2.1385198
1.8734325
2.0015626
1.8864732
1.9059347
1.8129952
1.9952382
1.4629934
1.6238135
1.9968253
1.5423526
1.2614323
1.5872645
1.8129587
1.9181721
1.9746864
1.7350125
1.8499905
2.1703455
1.8351346
1.5087906
1.9733455
2.1205914
2.3041606
1.2838461
1.9664882
1.3635408
1.7045397
1.6937132
1.9503871
1.9642857
1.7783755
1.3444445
1.8415787
1.8835177
1.8017402
1.9683145
2.4833615
1.9937842
2.0835106
2.1746032
1.394918
1.8029809
1.5339056
2.0966802
1.473813
1.4972755
1.7356116
1.9723818
1.5774652
1.9365187
1.5974938
1.394149
1.4066035
1.9062648
1.8418207
1.7240549
1.8278124
0.7
2.0098276
1.7976278
1.7412801
1.7164599
1.9422282
1.6506284
1.7263603
2.0000048
0.53571427
1.9822245
1.66342
1.7635546
1.4903846
1.9391613
2.3579197
1.7406198
1.2975694
2.174261
1.375
2.0709746
1.7466775
2.0623944
1.5740504
1.9735267
1.726433
1.7392185
1.6647099
1.9605486
2.012
1.7423977
2.089984
1.7134572
1.630403
1.7106754
1.893421
1.8301628
1.6607717
1.8334993
1.7016662
1.6694661
1.8153441
2.0243635
1.706319
1.3093923
1.7052855
2.4415207
1.4432211
1.7918038
1.6363723
1.8333334
1.7769823
1.8080357
2.189786
1.7994219
2.2200422
1.6249579
1.2054243
1.477026
1.3163025
1.614708
1.4300001
1.37424
2.2894871
1.3295678
1.8716526
1.8945976
1.8333333
1.7747909
1.9153312
1.5829082
1.6365432
1.621455
1.9449693
1.3079548
1.1868132
1.457899
1.5467447
1.5549482
1.7759091
1.4722222
1.3524346
1.5681342
2.1807053
1.8395066
1.5669886
1.5507904
1.9356284
1.4006047
1.9598069
1.5333397
1.366647
1.3333334
2.272283
1.25
1.5335119
1.5853175
1.7708334
1.1071428
1.6221225
2.2356277
1.8766239
1.597792
2.1382997
1.8242476
1.8092105
2.4199338
1.7107286
1.87621
1.4040784
1.8239284
1.4092389
1.7709715
1.410609
1.7979919
2.2166734
1.3333334
1.8383107
1.6359557
1.5699483
1.8786011
1.0010055
1.4962226
1.5886292
1.7746848
1.7537016
1.8386134
2.042345
1.4163636
2.1168556
2.032867
2.1476548
1.6979051
1.4725145
2.0497289
1.6231863
1.8511045
1.7053304
1.6138947
1.7166666
1.8410972
1.5600374
1.7360085
1.8760285
1.878814
2.4121623
2.1036155
2.2333336
1.6607343
1.638579
2.1058621
2.105112
1.2858325
1.8086762
2.0362618
1.651013
1.2509804
1.3103713
1.9430807
1.8271087
1.9958282
1.7139286
2.1436653
1.7598214
1.90899
1.6547619
2.2510157
2.036535
1.8339988
2.1556427
1.7759155
1.7383049
1.946137
1.9226762
1.2434343
2.041338
1.5739442
2.0136387
2.127218
2.6500092
1.894504
1.3432872
2.0390444
1.8370279
1.9697888
2.2519648
2.3443427
2.3025627
2.1601062
1.8798027
1.7145644
1.8698553
1.7305593
1.5861248
2.4595866
1.5142481
2.4401984
1.8290161
2.027787
2.1006722
1.9236822
1.9351317
1.7888207
1.8799503
1.9463849
1.906496
2.2119606
1.7999666
1.6897161
2.0299225
1.6594702
1.7911693
2.1082585
2.011007
1.7418529
1.7256279
1.7194842
1.7914339
1.3816993
2.2088773
1.6140406
1.4153304
1.6183205
1.7418746
1.4580646
1.7203801
1.8012772
1.7058913
1.7501037
1.457831
1.9476832
1.6977144
1.3189234
2.1041665
1.7269995
2.017071
2.096182
1.7465607
1.7206151
1.5057342
1.8582599
1.9407624
1.9080036
2.042882
1.6697917
1.9379158
2.0003386
1.6425104
1.4019284
1.6815033
1.6229168
1.2987182
1.6064259
1.9168166
1.5508016
1.8055471
1.6016548
1.6359421
1.9586321
1.9401131
1.9424143
1.932049
1.5629276
1.5939784
1.5496415
1.7481912
1.7242213
1.7938933
2.0852714
1.7883056
1.9637313
1.5747476
1.5800569
1.6573588
1.5969387
2.3011627
1.4795922
2.1165674
1.5328335
1.9268757
1.9681543
1.958348
1.6108339
1.9021735
1.8267827
1.9317979
1.783105
2.0575182
1.3689406
1.528011
1.9241682
1.6536976
1.6882468
1.7378569
1.9605092
2.1615417
2.1857142
1.8296713
1.6062874
1.4837497
2.0882688
1.9066137
2.0068438
1.9909075
1.5591472
2.2138133
1.7983717
1.5884582
1.2149123
1.563992
1.6665558
1.8899312
1.6384242
1.6162691
2.2046568
1.8257762
1.4437612
1.7384847
1.9705086
1.7537931
1.6072097
1.8673638
1.3350414
1.814228
1.9274784
2.080418
1.4827358
1.8465712
1.9254392
2.0147727
1.7857144
2.4502141
2.3291667
1.9313707
1.7969996
1.5903358
1.9535974
1.8200206
1.8614041
1.254902
1.7228949
1.7580551
1.4904478
1.727569
1.6879989
1.1099877
1.6450001
1.660732
1.8303455
1.6734594
1.936561
1.9348174
1.908834
1.4524359
1.7137264
2.1669
1.8992174
1.9444454
1.9074625
1.9571974
1.8682121
2.0739295
1.5834662
1.845305
1.6874615
1.6004047
2.272089
2.021871
1.709709
1.764852
1.6967149
1.9593807
1.9781134
1.807107
1.6666666
1.7892364
1.6960067
1.9037596
2.1932693
1.6517816
1.940276
1.6573231
2.0365384
1.6129234
1.9501019
1.7295928
1.4155228
1.8039943
1.6194371
1.3627958
1.5233612
1.4904408
2.2216275
1.7452947
1.898525
2.448694
1.7663242
1.5466721
1.7332914
2.1751404
1.7157142
1.4240171
1.6456978
1.6838974
1.7406265
2.1600144
1.5911156
1.9389535
2.2791939
2.0005488
1.3780272
1.8385563
1.9489625
2.1863482
1.8931254
1.3695437
1.7520269
1.5939459
2.102983
1.6019816
2.108776
2.1612005
1.8571575
2.1264803
1.7299408
2.025169
2.1961715
1.5641521
1.698387
1.9712692
2.1589382
2.0732927
2.0989547
1.7854562
1.81137
2.174035
1.6053797
1.6028708
1.5077446
2.0184212
1.7633625
1.9458289
1.5991752
1.6290002
1.6431702
1.9510872
1.4834632
1.6906642
2.2983031
2.268752
1.9087746
1.8882914
1.8363316
1.672772
2.3635375
1.8589044
1.9377832
1.9035699
1.7147436
1.5777869
1.9720153
1.8054668
1.5195915
1.8990557
2.162989
1.7147781
2.2422924
1.5546365
2.0569558
1.5481517
1.95354
1.6434432
1.8818597
2.1191905
1.6293606
1.8420719
1.4278846
1.5659851
1.4410398
1.7320688
2.072707
1.877907
1.7928431
1.0
1.3186046
2.0540035
2.183347
1.1388888
2.273286
1.8581984
1.8424956
2.1137187
1.688244
1.9309063
1.8827593
1.8574903
1.6643867
1.795205
1.7750205
2.2865744
2.1222045
1.3593878
1.7440051
1.8959618
1.5102044
2.2297533
1.6421094
1.4458978
1.9957538
1.7393814
1.6814005
0.75
1.7329612
1.3878859
2.3595455
1.6362759
1.741989
1.6327624
1.4927869
1.7282395
1.8549122
2.0046096
2.054369
2.117312
2.0231478
1.6914314
2.10422
2.5264895
2.2311466
1.7332321
1.8305693
2.2116883
2.1594887
1.9691839
1.5833334
1.6715441
1.5145986
1.9302537
1.7202201
1.7167469
1.6589092
1.713137
2.1474288
1.7835274
1.7101561
1.273292
1.9855508
1.0116279
1.8776481
1.6417605
2.0581238
1.3299019
2.028679
2.0074327
2.070168
1.6507354
1.5290228
1.4702127
1.661585
1.8981895
2.1115017
2.250385
1.801282
1.7571983
1.4
1.5263776
1.8869088
1.3893647
1.3048478
1.3804554
1.7985954
1.7960145
1.9735329
1.7438086
2.0214746
1.4229317
1.9804537
1.8649846
1.9406682
1.7493393
2.1280863
1.9605141
2.0907774
1.7432071
2.2524402
1.7758001
2.053231
1.6593567
1.7722678
1.6231081
1.688409
2.0699248
2.1322696
1.8657242
1.5119047
1.5837406
2.0015543
1.5480767
1.5150616
1.8495047
1.8212471
2.4257388
2.1070917
2.5
1.5180992
1.6660728
1.9497108
1.4882334
1.6299466
1.7155194
1.7888393
1.7507325
1.7517772
1.5504808
1.858295
2.1598291
1.9965065
1.5114449
1.709211
1.974115
1.597146
2.1546226
1.9232951
1.9185768
1.8148587
2.048373
1.7866887
2.1348357
1.9550829
1.8401651
2.0608342
1.8628625
1.0
1.6885762
1.9014666
2.1019979
1.7676475
1.7040391
1.841791
1.6548032
1.6735498
1.7055297
1.793161
1.9230769
2.0273151
2.1001074
1.4787879
1.9834964
2.3070223
1.7418095
1.9059961
2.196128
1.9340599
1.9589634
1.6949539
1.8267382
1.5696883
1.7714516
1.6928022
1.9281263
1.9752868
1.5691073
1.9176136
2.1665933
1.7398268
1.4678233
1.7998583
1.4969381
2.170551
2.0210466
1.8930992
1.7522368
1.6399575
2.0494895
2.2800393
1.7819055
2.1850438
1.8925442
2.056667
1.697862
2.2121007
1.0
1.6582986
1.7546856
2.2388225
1.8705488
2.0474737
2.0623262
2.0789003
1.8845968
1.513282
1.9750006
1.826237
1.7577074
1.6366953
1.8751669
1.7927454
1.9750679
2.0656543
1.9842751
2.3795743
1.860759
2.2380197
2.178224
2.0063462
1.8803989
1.7386364
2.1570196
1.6221483
1.699355
2.0
2.1845238
2.1039214
1.7088205
1.9795732
1.6378787
2.10853
1.4442918
0.0
1.7640196
2.1105704
1.7066823
1.9179655
2.1716216
1.8795099
2.2784858
1.6234907
1.8660715
1.6374141
1.5827824
1.8882638
1.865877
1.913114
1.7300162
1.4259088
1.9520473
1.8666666
1.6921393
1.7520766
2.0295053
1.8333955
0.9345238
0.95815295
0.29166666
2.1073403
1.4583333
1.8060564
2.0189252
2.7692308
1.3553753
1.6448112
1.8185745
1.9650688
2.1760743
1.7083946
2.1715326
1.6646144
1.586663
1.8483669
2.013398
1.9756137
1.9469516
1.661596
1.9938028
1.7161036
1.9186273
1.0961539
1.9025451
2.1688693
1.4533467
1.60075
1.8445716
1.6653825
1.9691061
1.7054749
1.9251814
2.0154788
1.7245828
2.0865119
1.507723
2.0575883
1.9735122
1.9314736
1.4611737
1.7082165
2.0014129
2.0706494
1.8264256
1.6114491
2.1470628
2.0892859
2.0336528
1.8
1.9030354
1.65
1.6112967
1.7892108
2.0524535
1.0
2.0661654
2.091036
1.6666666
1.8927083
2.0060887
2.200323
1.8379054
1.702219
2.0377302
2.1534598
1.6240609
1.913222
1.7638888
1.6867913
1.1988311
2.4243197
2.0642781
1.4183006
1.4509804
2.0
1.9533772
1.5678645
1.4285715
2.0
1.955746
1.9237318
1.891773
1.9312726
2.1197972
2.0705345
1.8888911
1.7466607
2.0138428
1.75
1.4199133
2.3661616
2.3422318
2.2145367
1.9905392
2.1420083
2.0688632
1.969564
2.459375
2.091246
2.0180953
2.3489795
2.3264194
2.0465748
2.1215339
2.0
2.2677078
1.6666666
1.8246361
2.2220237
1.9683943
1.4092592
2.2452707
2.0154936
1.4114286
1.811185
1.7093023
2.5
1.9521267
1.2142857
2.1303184
2.0155118
1.8209693
2.092346
2.211111
2.4552484
2.0976622
2.0181863
1.814047
1.8133475
1.9550734
2.3201654
1.9928894
2.4221072
2.0729165
1.9035438
1.9409497
2.2020571
2.4832776
2.2454588
2.1111338
2.2131295
2.151614
1.9861339
1.9957095
2.545434
1.263889
1.9727784
2.2512317
2.0291486
2.0349238
2.141004
1.6469345
1.5769764
1.9542409
1.4717649
2.1877415
1.7374299
2.0509834
2.1357794
2.1658769
1.85992
1.8644805
2.335012
2.3545702
2.1422246
1.7528882
2.1327224
2.8522727
2.127866
1.9198799
2.575397
1.7162162
2.0955877
1.9523286
1.9325444
2.0975513
1.9802146
1.9504316
2.1764705
2.0851705
2.0291443
2.2064192
2.028363
2.3418286
2.0731564
2.0104167
1.7242767
2.0716221
2.4345698
2.575
1.8114443
2.2822611
2.1288004
2.0923996
2.2474747
2.3068037
2.2091322
1.9947368
2.080415
2.0595238
2.22476
2.0805726
2.3427696
2.3630383
2.028169
2.0
2.0344946
2.1842463
2.168734
2.0829115
1.9589491
2.5353537
2.5
2.2267857
1.1868132
2.0157197
1.9950206
2.0655146
1.0
1.8874232
2.0755131
1.265264
1.2916666
2.098882
2.1323116
1.7097869
1.5745671
2.0157976
1.8868198
2.4253519
2.145933
2.2473235
1.95
1.9573833
1.5682932
2.025884
2.0623546
2.0609703
2.136493
2.2284853
2.0011833
1.9236178
2.2375069
2.563488
1.7500521
2.713109
1.7496947
2.2583127
2.1586292
2.1274998
1.7056202
2.778455
2.0921052
2.0363657
1.8390151
2.4372432
2.2997198
2.1220968
2.4995756
1.810364
2.0402443
2.2716608
2.4522948
2.3693712
1.9211346
2.4114244
2.0384617
2.0
2.2710502
1.6455446
1.89236
1.9714394
2.0674808
2.0128665
1.975028
2.3577273
2.1755054
2.0933447
2.2434444
2.1431625
1.8481482
2.0
2.0944536
2.2563815
2.4263003
2.0715675
2.2231398
2.0325482
2.0688572
2.0698938
2.0589685
1.9918699
1.9416364
2.0024831
1.9667233
2.015708
1.985745
1.9579685
1.9512744
2.083511
1.8157555
2.3900003
2.029806
2.137114
1.6680769
1.8575494
2.1161618
2.1787548
1.9923073
2.092339
2.246757
2.340118
2.3768973
1.7326388
1.7359306
1.760557
2.035387
1.7894359
1.0
1.7
2.2190475
2.1600428
2.0829618
1.8666667
2.0
2.1320732
2.2128267
1.8276819
2.0766642
1.9287899
1.8237237
2.0
2.0
2.3637104
1.9086864
2.1434827
2.1884103
1.9417298
1.9663523
2.125
2.477757
2.1641126
2.0357141
2.3017912
2.301728
2.6130953
2.0345237
2.0439806
2.1592088
2.114035
2.1691053
2.2244363
1.7759742
2.2673686
1.6841668
1.5869313
2.0
2.1039433
2.1137562
2.0078125
2.2138615
1.9820861
2.392821
2.3920512
2.3931913
2.0
1.612707
1.7763277
2.1416802
1.7399769
2.0555556
1.9764862
1.8375
1.9571368
2.0825646
2.0
2.0525727
1.7950249
1.9222944
2.1666665
1.8602376
2.026751
2.2903225
2.4470716
1.6850878
1.3916667
2.3095238
2.125515
1.9899701
2.0
2.327242
1.5793625
1.9685009
2.4642098
1.9582261
2.1457875
2.203334
2.2728982
2.0946474
2.125
2.0360973
1.8250053
2.06
1.968775
2.0069597
1.8
2.140935
1.645238
2.0580263
2.2242882
2.3232324
2.079961
2.1210177
2.0509462
2.0607555
2.1342592
2.0106099
4.0
2.0643048
1.8185606
1.9416435
1.93
2.3928201
2.1988168
2.2328825
2.1550825
2.1589046
2.0805962
1.8369408
1.8193704
1.9896481
2.142865
1.9777778
2.0944536
1.983557
1.9171017
2.2020411
2.0194554
1.9863746
2.1580465
2.0458045
2.2360072
2.3485568
2.0070388
2.0975938
2.0983462
2.2424185
2.3264601
1.9490008
2.0885415
2.5669262
1.9803922
1.9731998
1.9910542
2.1700518
1.803111
2.1483545
1.8472204
2.1861296
2.2395267
2.5
1.5535196
1.8480694
1.9642242
1.8568354
1.7952242
2.0083334
2.0732992
1.5960145
2.327445
1.5
2.2564158
2.0404208
1.9281974
2.13264
2.0009177
1.8369789
2.03039
1.6729226
1.8645833
1.7711917
2.1077428
1.8672771
1.8253316
1.9885811
2.0416217
2.192866
2.2118516
1.5395886
2.0332148
1.8644572
2.073245
2.0923474
1.7069931
2.0954223
1.9328101
2.1288128
2.2742958
2.1321719
1.7722222
1.9625932
1.9600601
2.0961537
1.9766955
2.1891608
2.123268
1.9220352
2.144044
2.2671041
1.9374708
2.1891441
2.1954525
2.139142
2.1191404
2.1071696
2.113577
1.1726191
2.4126315
2.613527
1.972104
2.0814333
2.2225
2.4402192
1.7080746
1.9
2.2779193
1.9708993
1.7688173
1.9389535
2.3509457
1.831985
1.9415747
2.1570237
2.1133332
2.3684967
2.0
1.7086781
2.0851545
1.7269343
2.1216817
1.9736843
2.1034086
2.3939393
2.0
2.2117567
2.245175
2.296889
2.0277238
2.0214822
1.8559198
2.1056492
2.396154
2.361794
2.0321429
2.2224555
1.9559524
1.705217
1.9146739
2.4268422
2.096003
1.7098868
1.6456468
1.8383703
1.7685561
2.1338613
2.4333334
2.305606
2.7350428
1.7830464
2.251613
1.7808928
2.0070708
2.2134297
2.6472223
2.296942
1.6
2.2714946
2.0215447
2.0218542
2.1451342
1.8937913
2.3752367
2.1414835
1.7832533
2.0167174
2.0910497
2.0931852
1.8037161
1.9857974
1.7777082
1.9433317
1.9270089
2.1644888
2.1269841
2.138759
2.0898352
1.9359903
2.2642524
1.5625
1.919138
1.8389795
1.375
1.8888664
1.9355512
1.977472
2.0733151
1.8685449
2.1902213
2.0181386
1.8399835
2.0116932
0.95961535
2.1575117
1.6944443
2.0
1.8696806
1.7100054
2.1314092
1.8891429
1.9682513
2.1174986
2.0300066
1.9103822
2.3845108
2.1300766
1.9678559
2.0707746
2.1425233
1.9611192
2.1480994
2.123531
1.8947295
2.2650836
1.6951165
1.7163355
2.0224364
2.1129394
2.0042639
2.0500226
2.0287478
1.5740741
2.1509304
2.0875795
2.1365564
1.6766535
2.1127794
1.9618279
1.8894147
2.0277627
1.6141204
1.9666173
2.064012
1.5688432
1.8909091
2.1363635
1.9335644
2.2875102
2.1480029
2.124105
1.5720671
2.175152
2.3466988
2.166407
1.8489717
2.385307
1.4444444
1.9196886
2.2347505
2.0160818
1.960773
2.0754716
2.067186
1.9808458
1.9464285
2.3267221
1.9233685
1.8434281
2.494019
2.0742326
1.89449
2.1852167
2.2831502
1.8172646
2.0993605
2.200949
2.157128
2.2134454
2.090602
2.3339865
2.125
2.1623933
1.6959025
2.2458549
2.0755951
1.9286146
1.9568214
1.6689539
2.4079788
1.9542068
2.028113
2.0
1.8962024
2.0430756
2.8333333
1.9506315
2.0583942
2.0932367
1.9208838
1.7235949
2.2644114
2.0225596
2.1666665
2.4735873
2.1371195
1.8038781
2.4556932
2.1628206
2.0848677
2.0984433
1.8949735
2.0043125
2.1707473
2.0177472
2.3254385
2.0299215
2.2372534
1.8466119
2.0174825
1.9393971
1.7551353
2.0577831
1.9730644
2.0138888
2.2311761
1.4836956
1.7640922
2.0824797
1.9638503
2.1163363
2.0661962
1.9465004
2.2174816
1.7971989
2.0080273
2.2603283
2.206596
2.0
1.8919731
2.0269563
2.034331
1.2
2.0175025
2.2902522
2.0347223
2.1155515
2.0722973
2.086983
2.002304
1.7038122
2.3908813
2.1510296
1.8897117
2.121633
2.2931902
2.169774
1.5212922
1.7883034
2.225486
2.0601122
1.8584794
1.8559322
1.744
1.7952303
2.1020248
1.7875067
1.8772726
2.25
1.7671107
1.8545545
1.8839682
2.3454032
2.0167959
2.5498166
2.2106376
2.07068
1.888441
1.8365066
1.873538
2.2078485
2.0382862
2.1525488
1.9734533
1.960265
1.947517
1.9258558
1.9796252
2.169364
2.4447718
2.0471108
1.75
2.2575758
2.095774
2.145908
2.0251558
1.9286634
2.0462623
1.8643211
1.9315227
2.0488856
2.2622883
1.8988094
1.7871486
2.208828
1.7395725
2.08941
1.9684336
2.0266998
1.9380952
1.9797148
1.8950716
2.2427561
1.8222221
2.1221125
2.2375352
1.9564564
2.1159909
1.9105804
2.3746653
1.9330142
1.9782444
2.3188143
2.070652
1.75
1.8355262
2.0248423
2.2525632
2.4990041
1.969261
2.1936622
1.9035465
2.0553677
1.8892901
1.8333334
2.1832404
2.494912
2.236964
1.9030932
2.690664
1.8333478
2.1253257
2.0868824
1.8349211
2.0576923
2.019339
1.9531741
2.193975
1.9237863
1.9453565
2.046189
2.2283134
2.0642202
1.9771435
2.2293656
2.0203075
1.89709
1.8250024
2.0458155
2.1371212
2.0393586
2.0845728
2.2563891
2.5158732
1.9936833
1.9471015
2.1562908
2.181796
2.30423
1.857254
2.1059
1.9428525
2.0
2.02511
2.155595
2.2897959
2.204494
2.0039673
2.1555533
1.9577163
1.7298611
2.136979
2.0213175
2.1923077
1.9440998
2.0639534
2.0
2.1618598
2.1453354
2.3696072
1.5297619
1.6772728
2.1134615
2.277341
2.149595
2.242206
2.1765447
2.0453544
2.1897244
2.011755
1.9341776
1.8457394
2.0200534
2.2004156
1.7752659
1.4444443
2.118
1.9621264
1.9185987
2.2462122
2.144404
2.378709
2.4211414
1.9256629
2.235965
2.1692424
1.9131737
1.9444444
2.0761905
2.0101333
2.107536
1.7220846
1.9159789
2.1960998
2.6679385
1.923462
1.6566465
2.222793
1.6633897
2.122768
2.0211155
2.0939867
1.9529752
2.958698
2.0746865
1.6236689
1.976171
2.368421
2.4279504
1.76
2.5
2.2911417
2.206995
2.1927562
2.230417
1.9529915
1.9776902
2.175938
2.2045538
2.0128465
1.9378002
2.002869
2.0590355
2.163494
2.0927656
2.160051
1.9893984
2.1074686
1.9187441
1.9312061
1.7052083
2.3523808
2.0622194
2.0215306
2.1870935
1.8945985
1.7304688
2.0530756
1.662262
2.0
1.9876543
2.2232141
2.8695652
1.9649123
1.9702382
2.1291986
2.0689795
2.2294521
2.139643
2.2107878
2.122925
1.875
2.0
2.0875
2.09629
1.75
2.227058
2.4521797
1.82713
2.0793996
1.3597149
2.5009642
2.0511847
2.5667088
2.0102744
2.25
1.9321238
2.3624458
1.91185
2.195771
2.1475003
1.916135
0.6333333
2.010431
1.8769853
2.184066
2.1668465
1.9093915
2.3333333
2.2478971
1.8994374
2.25
2.2044995
2.1690953
2.0057971
2.3534434
1.7086585
2.5046198
1.9146092
2.0584602
2.2951624
2.6732037
1.8259681
1.977569
2.0
2.1358447
2.0668848
2.0189378
1.8148149
2.1453123
2.026911
2.2231817
2.2530608
1.7736111
2.0
2.5116563
2.3333333
1.5
1.8040817
2.3541667
2.1538105
1.9245179
2.101396
1.7059267
2.1849086
2.0512385
1.9722222
2.051938
1.9235923
2.1422136
2.0964015
2.154323
1.8174032
2.0582707
1.837957
2.002436
2.0559382
2.3015308
2.5572915
1.0
1.765625
2.0076258
1.75
2.056958
3.012381
1.9469181
2.0166879
1.418415
2.1411412
2.2585714
1.7040963
2.011264
1.8899124
2.0
1.711854
2.0223796
2.4645205
1.729927
1.7145389
2.1383626
2.358157
1.7990474
2.2173913
2.0396807
2.3055449
2.4172692
1.9174244
2.1550741
2.319658
2.0998518
2.0812604
1.8815789
2.4467041
2.1181788
2.144598
1.9010938
2.0767806
2.177798
2.0204494
2.4771826
2.1954546
1.712963
2.0664883
1.4642857
2.1883852
1.886326
1.9983767
2.035853
2.196923
2.1280859
1.821584
2.4107926
1.7384126
2.1814637
2.0114295
2.1728394
2.0589092
2.1090136
1.8231602
1.5071698
2.0865915
1.4285715
2.0320635
2.2087138
1.7743256
2.527759
2.1048155
2.75
2.176538
1.8818876
2.154356
2.2251577
2.3491843
2.3415585
2.0546846
2.243612
2.137037
1.7673961
2.5666666
2.0983663
2.2695508
1.904762
2.3035715
2.104201
2.0159488
1.7190864
1.7015845
2.0043285
1.531358
2.1717386
2.135272
1.8611078
2.0403085
2.1046104
2.0946472
2.0015712
2.1386137
2.306744
2.383945
2.0800958
2.1431205
1.6344582
1.6677071
2.0117445
2.0671961
2.2105265
2.2105265
1.8874032
2.2006786
1.9792293
2.0511553
2.0507839
2.0025315
2.13503
1.9774876
2.262191
1.8833777
2.238326
2.3987255
2.1334372
2.0795033
1.628125
2.171499
2.3340046
2.0158396
1.9836348
1.968932
2.126029
2.032101
1.9452344
2.1940064
2.307898
1.949661
1.892472
1.9259404
2.330224
2.2701519
2.2547045
1.7978585
2.38612
2.0163493
2.4784262
1.9915336
1.9045742
2.490112
1.7375067
2.4614637
2.2133524
2.13806
1.9022528
1.9559869
2.2223027
1.7675812
1.9388525
2.1928644
2.4229434
2.2467754
2.1116524
1.955643
2.0068042
2.1932018
1.8728288
1.8082521
1.9041407
2.2042406
1.9524199
1.9351208
2.3877778
2.0887392
1.9988556
1.7744505
2.0758915
2.1006303
1.7857143
1.9696801
2.203728
1.9606745
2.2329655
1.9931281
1.9295545
1.7938329
2.084814
1.7296582
1.8889534
1.984779
2.173495
2.074251
1.8088992
2.2570133
1.6955309
1.9695622
2.1051667
1.7043911
1.9601486
2.2666888
1.8529993
2.0250323
1.979067
1.3139535
2.162137
1.7593025
2.3249447
1.8892266
1.3666667
1.860324
2.01192
2.1114218
1.834075
1.9402546
2.0836797
2.294409
1.8782738
1.8809346
1.9139395
2.2542753
2.1358285
2.3359034
1.8993462
2.2552123
1.8696785
2.0603714
2.4790683
2.0715249
2.0411813
1.9044695
1.5120656
1.9275249
1.8850136
1.988692
1.7520031
1.9647146
2.332893
1.9605194
2.0317235
2.012374
2.0048058
1.824455
2.1069806
2.0852714
1.808979
2.1038346
1.9215848
1.8919828
2.1563365
1.9473348
2.0623825
1.8252196
2.0400002
2.2268713
2.1305604
2.155024
2.0214863
2.230366
2.3051562
2.0406601
2.1197956
1.7572439
2.0
2.2601578
2.2514234
1.7935262
2.041547
2.601818
2.1893964
1.5559582
1.7377143
2.2408156
1.9236844
1.9293222
1.8217092
2.0716498
2.1041372
1.9451486
1.9404614
2.1801677
1.9590122
1.7469603
1.7326686
2.0704153
2.5367768
2.3138778
2.0210724
1.7645265
1.8991491
2.2132056
1.9059185
1.9664378
2.0286293
1.9924141
1.9650935
2.0443964
2.0501058
1.8213109
1.7011878
2.2796636
1.9503546
2.0164952
1.7586206
1.920346
1.8643719
2.0394714
2.3181818
2.0564606
2.3675194
2.0
1.9991016
1.9847867
1.9522611
2.1974165
2.4040673
2.0718503
1.652381
2.1388888
2.36208
2.264072
2.0392766
1.7107744
2.024523
1.9444445
2.0720778
2.4157224
2.2470112
2.455598
2.0386946
2.2335126
2.0388708
2.2923102
2.2106314
2.3333263
2.4139712
1.8911768
1.79172
2.1805692
1.9254638
2.0128636
2.0385783
2.0632226
1.8877679
1.9345965
2.165153
2.0076592
2.493976
1.7441845
2.0914135
2.1338437
2.3025107
2.528791
2.109557
1.9048834
2.0167787
1.9512967
2.1665976
1.8525361
2.0990674
2.7042682
1.9177638
3.1818182
1.9047619
2.0111074
1.7165267
1.9558214
2.3013186
2.064569
1.9709257
1.7677884
1.8415216
2.221676
2.085065
2.235327
2.0329063
2.6875
2.4445481
2.280885
2.4594777
2.0
1.8634715
2.1540916
1.8464919
2.0469155
2.0382657
1.5
2.0669467
2.0490549
2.0706027
1.8630962
2.1159227
