0.36363637
1.0
1.0
0.5
1.3888888
1.2
1.0
1.3529412
0.8125
1.0
1.25
1.2727273
1.1818181
1.0
0.6666667
1.3333334
1.0
1.0
1.0769231
1.0
1.0
1.1666666
1.1538461
1.0
0.75
1.2857143
1.4545455
1.0909091
0.8
0.625
1.3333334
1.4
0.5833333
1.0
0.2
1.25
1.0
1.0
0.8
1.3333334
1.0
1.0
1.1
1.0
1.2857143
1.0909091
0.9
1.0
1.2142857
0.6666667
0.5714286
0.9166667
1.2307693
1.5
1.0666667
1.0
1.2
0.9166667
1.375
0.8888889
0.8333333
1.4285715
0.75
0.7777778
0.6666667
0.6666667
1.0
0.5
1.0
0.5
1.0
1.0
1.6
0.9
1.1111112
1.25
1.0
1.1666666
1.0
1.0
0.7777778
1.8333334
1.0
1.5
0.75
0.875
1.2
0.5555556
0.78571427
0.36363637
1.4
1.4
1.2
0.90909094
0.8181818
1.2
0.0
0.75
1.4285715
1.05
1.0666667
1.1111112
1.0
1.0
1.0
1.0
1.3076923
1.0
1.2727273
1.0909091
1.8
1.1764706
1.0
1.2
1.0
1.0
0.71428573
0.8333333
1.1578947
0.8333333
0.5
0.75
0.6666667
0.8333333
0.9
1.3333334
1.3333334
1.125
1.0714285
1.5
0.25
1.125
1.4166666
1.4285715
1.4
0.93333334
1.1764706
1.0
1.3333334
1.3333334
0.8888889
1.0
1.0
1.25
1.4444444
1.4
0.6923077
1.4545455
1.0
1.117647
1.0
1.3461539
0.5
1.0
0.6666667
1.2352941
1.4444444
0.8
1.5
1.0909091
1.0
1.25
1.25
1.4285715
0.75
0.5
1.0
0.90909094
0.71428573
1.1428572
1.3333334
1.5
1.0
1.5
1.1764706
1.4545455
1.3333334
1.0
1.0
0.9285714
0.8
1.6
1.0
1.625
1.6666666
1.2272727
1.3333334
1.4615384
1.2
1.3333334
1.2
1.0
1.625
0.8333333
1.0
1.2222222
1.0
1.0625
0.875
1.3125
1.2
0.4
0.75
1.0
1.0909091
1.2857143
1.0
1.2
1.0
1.0
0.8
0.625
1.0
0.71428573
1.3571428
1.2222222
1.0
1.15
1.0
0.8333333
1.2857143
0.8
1.0
0.0
1.3
1.1818181
0.0
1.25
0.5
1.1111112
0.75
0.25
1.3157895
1.4444444
1.1666666
1.4
1.3846154
1.0909091
0.0
0.8
1.3333334
0.8
0.75
1.0
1.3333334
1.1428572
1.5
0.6
1.5
0.5
1.1333333
1.375
1.3333334
1.6
1.125
0.5714286
1.3333334
0.9230769
1.0
0.9
0.9230769
1.2222222
0.8666667
1.0
1.2222222
1.1111112
1.5
0.6666667
0.75
0.0
1.0
0.44444445
1.2777778
1.45
1.2142857
1.2857143
1.3636364
1.0
1.2
0.42857143
1.0
1.0
0.9230769
1.0
0.875
1.2222222
1.4615384
0.8888889
1.0
1.0
1.0
1.3333334
0.8666667
1.0526316
1.4705882
1.0833334
0.6666667
0.33333334
1.1
1.0
0.5
1.0
1.2857143
0.75
1.2222222
0.90909094
1.0769231
1.0
1.4
0.85714287
0.5
1.0714285
0.78571427
1.1666666
1.1538461
1.2857143
0.75
0.625
0.0
1.6
0.33333334
0.9
0.8
1.2
1.1111112
0.90909094
0.78571427
0.9230769
1.3157895
1.3333334
0.78571427
1.5
1.1666666
0.90909094
1.2
1.5
1.4166666
1.3333334
1.25
0.8888889
0.6666667
1.0
1.3333334
1.25
1.2857143
0.0
0.8181818
0.8
0.33333334
0.8
1.5
1.0
0.4
0.8
1.2222222
1.0952381
1.4285715
0.75
1.2
1.2727273
1.5
1.1666666
0.9
0.875
1.0
1.1428572
1.3333334
1.25
0.8
1.1666666
1.5
0.6666667
0.6
1.0
1.2307693
1.5
0.6666667
1.1818181
1.1052631
0.9230769
0.8
1.3636364
1.5
0.33333334
1.3333334
0.625
0.8333333
0.8333333
1.6363636
1.1111112
1.0
1.3333334
1.6666666
1.1111112
0.5
0.85714287
1.0
1.0
1.0
1.1666666
1.4
1.0
1.0909091
1.0833334
1.1428572
1.0625
0.9375
0.75
1.2142857
1.0769231
0.9166667
0.54545456
0.8
1.1818181
1.4
1.375
1.1818181
1.25
0.5
0.33333334
0.7368421
0.5
1.6
1.125
0.8888889
0.90909094
0.75
1.4
1.6428572
1.0
1.1818181
1.2
1.5
1.3333334
0.9
1.0
1.5
1.0
0.42857143
0.75
0.0
0.8181818
1.4
1.0
1.2
0.9444444
1.2307693
1.2
1.5
0.75
0.71428573
1.5
0.5555556
0.8
1.4
0.6666667
1.2142857
1.1111112
0.8
1.3333334
1.7
1.0
1.2
0.5714286
1.3333334
1.1428572
1.2666667
1.0
1.1875
0.0
1.0476191
0.75
1.4545455
1.1666666
0.5
1.3
1.1818181
1.3333334
1.0
0.5
1.6666666
1.0
1.0
1.3
0.8125
1.2
1.0
0.33333334
0.33333334
1.6363636
1.4
1.1111112
1.3571428
1.5
1.1
1.25
1.3636364
1.2
1.3333334
1.2631578
1.0
1.0
1.0
0.75
0.5
1.2777778
1.25
1.2307693
1.2
1.0
1.0909091
1.1818181
1.2941177
0.8888889
1.3333334
1.0
0.7777778
1.0625
1.2307693
1.2105263
1.0
1.2857143
0.9
1.3333334
1.1428572
1.1111112
1.4615384
1.3333334
1.5
1.0714285
1.25
0.75
0.75
0.9
1.0
1.0
1.0833334
1.0
1.2222222
1.1818181
1.1818181
0.8888889
1.0
1.0
0.7692308
0.875
1.2857143
1.0
1.0714285
1.0
1.0
1.0
1.0
1.5
1.0
1.1428572
1.1875
1.0
1.1111112
1.0
1.1428572
1.2
1.0
1.3333334
0.6666667
1.0588236
0.5
1.0
1.0
1.375
1.25
1.5
0.8666667
1.3125
1.4
1.1538461
1.0
1.0
1.6
1.3333334
1.25
1.5
1.5714285
1.3333334
1.25
1.3846154
1.2307693
1.2727273
1.3846154
1.25
1.0833334
1.0
1.0
0.25
1.0714285
1.5
1.0769231
1.0
0.0
0.75
0.6
0.5
1.0
0.8
1.1111112
1.3571428
1.25
1.1666666
1.5
0.6666667
1.0
1.3333334
0.875
1.0
1.0
0.6
1.5
1.2222222
1.0
1.1111112
1.3333334
1.0625
1.0769231
0.85714287
0.625
0.33333334
1.0833334
1.0
1.0769231
1.25
1.0
1.2727273
0.88235295
0.85714287
0.7777778
0.8
1.0
0.33333334
1.1818181
1.0
1.1666666
1.4166666
1.2222222
1.2857143
1.1578947
0.90909094
0.6
1.3
1.6666666
0.6666667
0.0
1.25
0.8
1.1333333
1.375
0.8333333
1.0
1.0
1.4615384
0.6666667
1.25
0.85714287
1.1111112
1.1428572
1.0
0.6666667
0.9230769
1.2857143
1.625
1.25
1.0769231
1.25
1.0
1.3333334
0.2857143
1.3636364
0.5
0.33333334
1.0
1.1666666
0.72727275
1.0
1.2
1.0769231
0.41666666
0.8
0.71428573
1.5714285
0.6923077
1.0
0.8666667
1.2352941
1.0
1.125
0.9230769
1.0769231
1.6666666
1.0555556
0.8333333
0.8888889
1.1
1.1764706
0.8
1.0
1.0
0.6
1.0
1.625
1.2222222
0.85714287
1.0909091
1.3636364
1.625
1.2857143
1.3
0.8
1.0
0.875
1.2941177
0.875
1.0
1.4705882
1.375
1.1111112
1.6666666
1.25
1.2727273
1.0909091
1.2
1.2857143
1.3157895
1.2
1.5384616
1.0
0.7777778
1.1764706
1.25
1.0
1.6666666
0.6875
1.25
1.0
1.125
1.2857143
1.1
1.0
1.0
1.3333334
1.0625
1.0
1.1666666
1.5
0.88235295
0.6666667
0.5
1.125
1.2222222
1.2142857
1.1
1.1538461
0.84615386
1.1818181
1.3333334
1.25
0.5
0.7
1.1428572
1.0
1.0476191
0.8666667
0.875
1.375
1.0833334
0.8333333
1.0
1.0714285
1.1
1.75
1.2222222
1.1111112
1.1666666
1.4
1.1538461
1.0
0.6666667
1.2
1.25
1.0
1.1818181
0.93333334
1.0
1.2777778
1.0
1.5
1.125
1.1666666
1.2
0.8
1.3846154
1.0833334
1.0
1.1666666
0.75
1.0
1.25
1.2173913
0.71428573
1.25
1.4117647
1.4444444
1.5
1.375
1.0
1.1875
1.125
0.9411765
1.3333334
0.72727275
0.75
1.0
1.6666666
1.4
2.0
1.25
1.75
1.1666666
1.75
1.0
1.0
1.4
1.1538461
1.1764706
1.1
1.125
1.1538461
1.8
1.1666666
1.375
0.6666667
1.1111112
1.0
1.0526316
0.71428573
0.5
0.8333333
1.2
1.1666666
0.8181818
1.1111112
0.75
1.0
1.0
0.5714286
0.5
1.5
1.0
1.25
1.2941177
1.375
1.2307693
1.0833334
1.0833334
1.1111112
0.61538464
0.7826087
0.9166667
1.3
1.375
1.25
1.4
0.71428573
1.2222222
1.2727273
0.85714287
1.0
1.5
0.71428573
0.8
0.6
1.1111112
1.0
0.7777778
0.5
0.6666667
1.0
1.4545455
1.0
1.0
0.5
1.0
1.2105263
0.75
1.4545455
1.3333334
0.93333334
1.0
1.0
0.7692308
0.6
1.0
1.25
1.3333334
1.1428572
0.6923077
1.5
0.6666667
0.88235295
1.0
0.93333334
1.3333334
1.6666666
1.3333334
1.0
1.117647
1.0
0.5
1.25
0.5
0.71428573
1.0
1.0769231
1.2857143
0.78571427
0.71428573
1.0
1.2777778
0.85714287
1.5
0.8333333
1.2307693
1.25
1.0
1.0
1.2666667
0.25
1.0
0.875
1.2142857
1.1111112
1.2857143
1.2222222
1.0
1.4444444
0.9
1.5454545
1.25
0.625
0.85714287
1.1111112
1.6
1.125
1.0
1.1666666
1.1052631
1.2
1.15
0.7
1.3333334
1.25
0.9166667
1.0
0.7777778
1.5714285
1.0
1.125
1.3333334
0.7777778
0.6
1.4117647
1.0
1.0
1.5
1.0909091
1.0769231
1.1666666
1.1428572
0.71428573
1.0769231
1.4
1.0
1.3125
0.5
1.0
1.0
1.3333334
1.0588236
1.1666666
1.3333334
1.2
1.0
1.0
1.4
1.3636364
1.125
1.4166666
1.1428572
0.8333333
0.5
1.1666666
1.2222222
0.8
1.0
1.4285715
1.4666667
1.2857143
0.0
1.2
1.2142857
1.125
1.3846154
0.8666667
1.0625
1.1538461
1.3333334
0.0
1.3076923
1.5
1.4545455
1.5833334
1.5
1.2352941
1.5714285
1.6666666
1.2142857
1.6
2.0
1.7142857
2.0
1.4375
1.0
1.4285715
1.2857143
1.1818181
1.3333334
1.0
1.3333334
1.5
1.75
1.2
1.2222222
1.6666666
1.0
1.0
1.6666666
1.5714285
1.4
1.3333334
1.4
1.0
1.3125
1.3571428
1.5
1.5
1.2857143
1.6923077
1.25
1.375
1.25
0.6666667
1.5714285
1.75
1.2857143
1.375
1.5
1.75
1.4285715
1.0
1.4285715
1.625
1.2142857
1.2857143
1.5384616
1.3333334
1.2
1.6
1.4
1.6666666
1.9285715
1.3125
1.5
1.3076923
1.4166666
1.6
0.6666667
1.0
1.4
1.5789474
1.3333334
1.75
1.3
1.4
1.1
1.2857143
1.0
0.0
1.25
1.1666666
1.1428572
1.6
1.25
1.3
1.6666666
1.0
1.4444444
1.6
2.3333333
1.2
1.5
1.1666666
1.6666666
1.0
1.2777778
2.0
1.6
1.0
1.2
1.1428572
0.85714287
1.4444444
1.125
1.5454545
1.7142857
1.375
1.375
1.0
1.5
1.0833334
1.5
1.0
1.0
0.6666667
1.375
1.3333334
1.4444444
1.2857143
1.125
1.5
1.4615384
1.0588236
1.25
1.4
1.2727273
1.1666666
1.5555556
1.0714285
1.2222222
1.5
1.4444444
1.5
1.4166666
1.5
1.5333333
1.4090909
1.375
1.4666667
1.5454545
1.0769231
1.4
1.5454545
1.5
1.3333334
1.3333334
1.3333334
1.3684211
1.4
1.5
2.0
1.5714285
0.5
1.0
1.375
1.6666666
1.2222222
1.4666667
1.6
1.0666667
1.3333334
1.5714285
1.4166666
1.5
1.0714285
0.6666667
1.1333333
1.4545455
1.3125
2.0
0.5
1.117647
1.5
1.2352941
1.375
1.7142857
1.4666667
1.3888888
0.8666667
1.3333334
1.2142857
1.4
1.3333334
1.5
1.7058823
1.6363636
1.0
1.3636364
1.1818181
1.2222222
1.2727273
1.5454545
1.4666667
1.0
1.3333334
1.4285715
1.5454545
1.6
1.6
1.6
1.4285715
1.0666667
1.1428572
1.4615384
1.6666666
1.4666667
1.3571428
1.4285715
1.6666666
1.0
2.0
1.3888888
1.4444444
1.3571428
1.7857143
1.4375
1.25
1.4285715
1.5
1.1428572
1.25
1.5
1.2
1.1538461
1.6666666
1.25
1.1666666
1.3333334
1.0
1.3333334
1.1666666
1.0
1.0
1.0
1.375
1.8
1.25
1.5
1.5
1.2
1.0
0.6666667
1.6
1.5
0.94736844
1.5625
1.5
1.4117647
1.3333334
1.25
1.6666666
1.5454545
1.3636364
1.6666666
1.2941177
1.5
1.25
1.6
1.0
1.0
1.0
1.125
1.4444444
1.4545455
1.35
1.0
1.3076923
1.25
1.5263158
1.5
1.125
1.375
1.0
1.2222222
1.5
1.3636364
1.6
1.375
1.75
1.5833334
1.3846154
1.375
1.5
1.4545455
1.75
1.7142857
1.0
1.4545455
1.2
1.1875
1.4117647
1.375
1.25
1.0
1.0
1.3846154
1.5
2.0
1.2173913
1.4166666
1.3
1.4545455
1.2222222
1.3888888
1.5625
1.6666666
1.0909091
1.0
1.4
1.0625
1.3
1.3333334
1.4285715
1.5
1.3636364
1.4444444
1.4
2.0
1.2222222
1.3333334
1.4
1.5555556
1.5
1.3
1.5
1.5
1.4117647
1.4444444
1.5
1.3076923
1.7
1.5217391
1.25
1.0833334
1.1818181
1.75
1.4
1.6666666
1.0
1.3333334
1.3333334
1.4736842
1.1428572
1.0
0.75
1.5454545
1.5384616
1.6
1.4
1.3636364
1.3333334
1.5
1.1428572
1.4285715
1.3333334
1.0
1.4
1.5
1.0
1.2857143
1.5
1.2
0.0
1.0
1.0
1.5
0.0
1.6666666
1.4
1.1666666
1.6666666
1.7142857
1.0
2.0
1.6666666
1.8
1.2857143
1.375
1.5
1.7
1.4545455
1.3333334
1.1666666
1.5
1.25
1.1111112
1.4444444
1.5384616
1.3076923
1.4782609
1.2142857
1.3846154
1.2
1.0
1.25
1.2727273
1.125
1.2727273
1.25
1.1
1.5555556
1.2857143
1.3157895
1.0
1.0
1.1428572
1.0833334
1.5
1.0
1.5
1.1666666
0.6666667
1.2
1.0
1.1111112
1.3333334
1.5
1.5714285
1.4
1.1428572
1.2857143
1.2222222
1.3529412
1.3
1.3333334
1.4
1.125
1.0666667
1.1
1.6666666
1.25
1.0
1.3333334
1.2222222
1.2857143
1.0
1.4545455
1.1538461
1.6666666
1.4285715
1.2941177
1.5454545
1.5
1.3
1.1818181
1.4375
1.0666667
1.2222222
1.3157895
1.4285715
1.5
1.4285715
1.1666666
1.2727273
1.375
1.4166666
1.2857143
1.2941177
1.6363636
1.8333334
1.0
1.1428572
1.4166666
1.625
1.3684211
1.5
1.1538461
1.2941177
1.1428572
1.3
1.5294118
1.5555556
0.5
1.0
1.3333334
2.0
1.3
1.0
1.5
1.2
1.625
1.2
1.3636364
1.0
1.7272727
0.8333333
1.5333333
1.2
1.8
1.6666666
1.2222222
1.1428572
1.0588236
1.2857143
1.25
1.1333333
2.0
1.3333334
1.1666666
1.4166666
1.5555556
1.4285715
1.5
1.6
1.25
1.4
1.0
1.0
1.3846154
1.3333334
1.3076923
1.4
1.5
1.7
1.8235294
1.2727273
1.5
1.4545455
1.3846154
1.4615384
1.25
1.0
1.4615384
1.5
0.8
1.1666666
1.25
1.5384616
1.0
2.0
1.1666666
1.1666666
1.5384616
1.4
1.0
1.2
1.4444444
0.75
1.1
1.1666666
1.3333334
1.4285715
1.4444444
1.3333334
1.0
1.4375
1.4615384
0.7777778
1.5
1.4285715
1.3333334
1.3333334
1.1428572
1.4285715
1.375
1.5333333
1.5555556
1.25
1.2
2.0
1.5555556
1.5555556
1.3333334
1.6666666
1.4666667
1.3333334
1.0
1.75
1.4666667
1.4545455
1.1666666
1.875
1.5714285
1.6
1.2608696
1.25
1.5714285
1.1875
1.3043479
1.25
1.3076923
1.4375
1.4285715
1.3333334
1.5
1.4
1.25
0.6666667
1.5
1.2
1.5
1.5
1.3888888
1.1666666
1.4444444
1.375
1.125
1.0
1.1
1.3333334
1.1111112
1.4
0.6666667
1.4545455
1.0
1.1
1.2307693
1.4
1.5
1.4444444
1.5
1.0
1.1
1.2307693
1.1428572
1.117647
1.25
1.3333334
1.4545455
1.2857143
1.7142857
1.3888888
1.4545455
1.4444444
1.5
1.3333334
1.3076923
1.1
1.4285715
2.0
1.625
1.0
1.2
1.6
1.1666666
1.4285715
1.5625
1.4166666
1.4
1.5263158
1.4285715
1.1666666
1.6666666
1.3636364
1.4705882
1.3333334
1.3846154
1.5
1.6
1.5454545
1.5
1.6666666
1.5555556
1.5
1.6666666
1.625
1.5714285
1.4375
1.4285715
1.6666666
1.0
1.5
1.4285715
1.5714285
1.2
1.6
1.5714285
1.5
1.1666666
1.3333334
1.2222222
1.4375
1.25
1.0833334
1.2857143
1.5
1.0
2.0
1.5
1.0
1.5
1.1428572
1.1428572
1.6666666
1.5
1.5
1.3333334
1.2857143
1.1818181
1.3076923
1.6
1.5
1.3571428
1.2
1.0
2.0
1.5384616
1.2857143
1.1818181
1.1875
1.3333334
1.4166666
1.3125
1.5384616
1.1666666
1.25
1.2941177
1.4545455
1.5294118
0.54545456
1.3529412
1.375
1.4285715
1.25
1.5
1.5
1.8
1.3636364
1.375
1.8888888
1.3
1.375
1.5333333
1.0
1.6666666
1.2857143
1.4
1.4
1.6363636
2.0
1.0
1.4
1.2727273
1.25
1.3333334
1.25
0.75
0.5
1.2857143
1.5714285
1.3571428
1.25
2.0
1.2352941
1.6
1.1666666
1.3846154
1.6363636
1.2857143
1.5555556
1.375
1.1875
1.6
1.1666666
1.5
1.4666667
1.2666667
1.2142857
0.6666667
1.5
1.1818181
1.2941177
1.6428572
1.5333333
0.6666667
1.4210526
0.5
1.7777778
1.25
0.5
1.25
1.3636364
1.1904762
1.4545455
1.4090909
1.5
1.3076923
1.0555556
1.0
1.3529412
1.1333333
2.0
1.7777778
1.0909091
1.375
1.7142857
1.2727273
1.2
1.0
1.6
1.6
1.0
1.0666667
1.375
1.3125
1.5
1.0
1.4
1.125
1.375
2.0
1.1666666
1.2307693
1.4166666
1.375
1.3333334
1.75
1.3076923
1.0
1.2142857
1.6
1.4545455
1.3636364
1.4285715
1.2
1.0833334
1.0
1.4545455
1.125
1.3333334
1.0
1.25
1.6296296
1.4545455
1.1666666
1.5
1.6
1.2
1.0
1.0
2.0
1.25
2.0
1.5714285
1.3333334
0.5
1.2727273
1.0
1.6666666
1.4
1.4615384
1.125
1.25
1.6
1.1666666
1.375
1.3333334
1.6666666
1.125
1.4285715
1.2307693
2.0
1.4
1.3333334
1.0
1.3333334
1.3
1.7777778
1.0
1.3529412
1.3333334
1.3333334
1.3846154
1.5
1.4166666
1.1818181
1.4615384
1.4166666
1.4
1.5
1.4444444
1.4
1.2727273
1.5714285
1.2
1.0
1.3
1.2
1.5
1.4285715
1.375
1.4
1.3333334
1.5555556
1.6
1.5555556
1.2222222
1.0
1.2857143
1.8
1.1333333
1.5454545
1.3333334
1.5
1.2307693
1.4285715
1.125
1.0
1.3571428
1.3333334
1.0
1.1363636
1.8333334
1.4
1.6
1.3333334
1.0
1.5714285
1.5
1.0
1.5714285
1.5
1.5625
1.4285715
1.25
1.6
1.1764706
0.75
1.25
1.5
1.2
1.2666667
1.4
1.0
1.2222222
1.1
1.2
1.2666667
1.2
1.1111112
1.3333334
1.5833334
0.93333334
1.3571428
1.3333334
1.3333334
1.25
1.3846154
1.4615384
1.4
1.4
1.5
1.2857143
1.4
1.1818181
1.1428572
1.4
1.6153846
1.3333334
1.3888888
1.7272727
1.5714285
1.5
1.6666666
1.5
1.1666666
1.25
1.5
1.25
1.1
0.9
1.5833334
1.625
1.0
1.5
1.2222222
1.0
1.4285715
1.4285715
1.3076923
0.8
1.625
1.0
1.5
1.4285715
1.5625
1.1538461
1.5714285
1.5454545
1.0
1.5
1.5
1.2105263
1.4615384
1.4285715
1.2857143
1.5
1.25
1.5833334
1.0
1.3636364
1.5
1.7142857
1.5
0.7777778
1.2666667
1.2307693
1.3333334
1.1818181
1.25
1.3333334
1.3529412
1.3333334
1.6666666
1.2727273
1.7142857
1.3333334
0.95454544
1.1111112
1.0
1.2222222
1.375
1.4
1.3333334
1.375
1.3636364
1.4210526
1.3333334
1.5
1.6
1.2857143
1.25
1.2222222
1.5555556
1.4444444
1.8333334
1.0
1.5
1.0666667
1.0
1.5
1.65
1.5
1.1
1.25
1.4
1.5
1.4761904
1.5
1.8571428
1.75
1.1111112
1.2222222
1.3571428
1.5
1.3076923
1.25
1.0909091
1.5
1.2857143
1.125
1.2666667
1.2
1.6666666
1.1666666
1.3636364
1.25
1.4
2.0
1.0
1.5
1.2142857
1.375
1.5
1.5833334
1.2727273
1.6842105
1.2
0.8
1.3333334
1.2727273
1.0
1.75
1.6666666
1.0
1.5
1.2857143
1.3888888
1.4666667
1.5714285
1.25
1.4
1.5
1.5
1.5
1.5
1.5
1.5625
1.0588236
1.4285715
1.5714285
1.5
1.2
1.1111112
1.375
1.1333333
1.4444444
1.0
1.5294118
1.4
1.25
1.0
3.0
0.0
1.4444444
1.875
1.25
1.3333334
1.4545455
1.5294118
1.375
0.875
1.1818181
1.2
1.0833334
0.0
1.3333334
1.25
1.25
1.1333333
1.25
1.0
1.25
1.5
1.0
1.2666667
1.0
1.4166666
1.3636364
1.2857143
1.25
1.1538461
1.6666666
1.1666666
1.5454545
1.6363636
1.0
1.0833334
1.3333334
1.5
1.5454545
1.6
1.6666666
1.2
1.7142857
1.75
1.125
1.0
1.75
1.5384616
1.4375
1.4615384
0.9
1.3809524
1.2857143
1.3809524
1.6
1.3333334
1.0
1.25
1.5714285
1.3076923
1.4705882
1.2666667
1.4285715
1.4
1.3846154
1.2
1.4117647
1.1818181
1.3157895
1.0
1.5
1.5
1.0
1.75
1.3333334
1.8
1.6
1.4
0.0
1.2
1.4
1.25
1.4545455
1.0
1.2
1.2
1.4
1.6875
1.4285715
1.3333334
1.5
1.75
1.6428572
1.3333334
1.5714285
1.1
1.6666666
1.4285715
1.2857143
1.4
1.375
1.375
1.25
1.25
1.0
1.7
1.2857143
1.5
1.3333334
1.7
1.0
1.25
1.375
1.125
1.3333334
1.25
1.5714285
1.6428572
1.2
1.5384616
1.1666666
1.25
1.3125
1.2
1.5555556
1.6666666
1.5833334
1.1428572
1.125
1.25
1.25
1.4
1.3076923
1.125
1.2857143
1.2857143
1.1818181
0.8181818
1.4666667
1.4117647
1.3
1.5
1.3333334
1.4
1.5
1.5
1.2
2.0
1.8333334
1.6
1.0
1.3333334
0.8
1.5
1.4117647
1.2666667
1.5
1.1428572
1.0
1.25
1.5
1.4545455
1.5384616
2.1666667
1.5555556
1.8333334
1.3333334
1.1666666
1.5
1.4375
1.75
1.1
0.8333333
1.4
1.4
1.2
1.2
1.25
1.0
0.875
1.3333334
1.2941177
1.6
1.1428572
0.0
1.2142857
1.25
1.3636364
1.6666666
1.625
1.2
1.3571428
1.5555556
0.5
1.75
1.4
1.25
1.0
1.5
1.6666666
1.4
0.75
1.5
0.75
1.25
1.4545455
1.1428572
1.1666666
1.5454545
1.2142857
1.3478261
1.25
1.625
1.3571428
1.4444444
1.6666666
1.4666667
1.5
1.2857143
1.5
1.2
1.2857143
1.6111112
1.0
1.25
1.4444444
1.4545455
1.1111112
1.2222222
1.4444444
1.5
1.25
1.5333333
1.2727273
0.6666667
1.3125
1.5714285
1.1666666
1.2222222
1.3636364
1.1875
0.85714287
1.25
0.8
1.25
1.0
1.375
1.7142857
1.125
1.5555556
1.6666666
1.5
1.3333334
1.5294118
1.3333334
1.1666666
1.5
1.4615384
0.8
0.6666667
1.0833334
1.1428572
1.1333333
1.6
1.0
1.0
1.3333334
1.75
1.1666666
1.375
1.375
1.4545455
0.8333333
1.5833334
1.3846154
1.1428572
1.3333334
1.7142857
1.0
1.2142857
1.0
1.3333334
0.8
1.6
1.3076923
1.375
1.2142857
1.6666666
1.5714285
1.5
2.0
1.0
1.5
1.25
1.4545455
0.8888889
1.4285715
1.375
1.2857143
1.75
1.0
1.4166666
1.0833334
1.3076923
1.4117647
0.8333333
1.1818181
0.90909094
0.9411765
1.1
1.3333334
1.3
0.8
1.3333334
1.0
1.3333334
1.7272727
1.0
1.5555556
1.125
1.5
1.3333334
1.3529412
1.6
1.3
1.375
1.375
1.3333334
1.2727273
1.75
1.3333334
1.5
1.3076923
1.2222222
1.5
1.5
1.0
1.1111112
1.3684211
1.1666666
1.2
0.6666667
1.2222222
1.6
1.2727273
1.3636364
1.4615384
1.25
1.3333334
1.1666666
1.2222222
1.4166666
1.6
1.6666666
1.0
1.2
1.4
1.5
1.1666666
1.6923077
1.1428572
1.3636364
1.375
2.0
1.4210526
0.875
1.375
1.6666666
1.6153846
1.3333334
1.8571428
1.5
2.0
1.2
1.4444444
1.5
1.4285715
1.5
1.75
1.125
1.3333334
1.2857143
1.3333334
1.4
1.3571428
1.6666666
1.5454545
1.4117647
1.4615384
1.5
1.5833334
1.375
1.2222222
1.6
1.5
1.4444444
1.4210526
1.4444444
1.2307693
1.2727273
1.0666667
1.1428572
1.0
1.6111112
1.0769231
1.1818181
1.3529412
0.90909094
1.0
1.2
1.1578947
1.4285715
1.2307693
1.4285715
1.2666667
1.4166666
1.2222222
1.4
1.2
1.6666666
1.6666666
1.2727273
1.3333334
1.125
1.2857143
1.5
1.25
1.5
1.0
1.6
1.6666666
1.2857143
0.9
1.125
1.2758621
1.0
1.2
1.3571428
1.1111112
1.5294118
1.1428572
1.35
1.4
1.25
1.3333334
1.3076923
1.0909091
1.25
1.3
0.6666667
1.0
1.2727273
1.3333334
1.4
1.5
1.0
1.2307693
1.3333334
1.0
1.4
1.3333334
1.625
1.1428572
1.5
1.6666666
1.4
1.2
1.4615384
1.4545455
1.3333334
1.5454545
1.3076923
0.8
1.2
1.6
1.25
1.5555556
1.1578947
1.25
1.5
1.625
1.2222222
1.125
1.3571428
1.6
1.6
1.4545455
1.375
1.0
1.375
1.5
1.3076923
1.25
1.125
1.1666666
1.2307693
1.1428572
1.2
1.5
1.1428572
1.0
1.4
1.25
1.3333334
1.1666666
1.2307693
0.8333333
1.2
1.5
1.7
1.0833334
1.4
1.2
1.5
1.2
2.0
1.75
1.4210526
1.5
1.0
1.5
1.375
1.0666667
1.0
1.1111112
1.5
1.2
1.3125
1.3636364
1.0
1.0
1.25
1.4
1.5
1.4285715
1.2777778
1.5555556
1.3571428
1.3636364
1.5384616
1.3571428
1.5909091
1.5714285
1.5714285
1.5
1.5
1.2857143
1.4444444
1.4444444
1.0
1.5
1.6
1.2307693
1.4545455
1.25
1.3
1.4615384
1.2857143
1.0
1.375
1.3125
1.4
1.4
1.3333334
1.4285715
0.8
1.3333334
1.2727273
1.2307693
1.1666666
1.0
1.3333334
1.1666666
1.0
1.0909091
1.1666666
1.5
1.3333334
1.375
1.8333334
1.5
1.6
1.1333333
1.5294118
1.0
1.0
1.375
1.6
1.4285715
1.5
1.2857143
1.5
1.6363636
1.6666666
1.3
1.4117647
1.5
1.625
1.3333334
1.5
1.4666667
1.2352941
1.5
1.2941177
1.1111112
1.3846154
1.4
1.5
1.0
1.5
1.7777778
0.8
1.1111112
1.3157895
1.7142857
1.3333334
1.75
1.3333334
1.3333334
1.4375
1.5
1.3333334
1.4444444
2.0
1.6666666
1.5833334
1.2857143
1.3181819
1.0909091
1.1
1.0
1.3333334
1.5714285
1.5714285
1.8
1.3
1.3076923
1.3333334
1.8
1.5
1.4210526
1.2222222
1.25
1.3333334
1.5714285
1.4285715
1.375
1.3
1.6
1.1538461
2.0
1.1764706
1.4166666
1.0
1.5
1.3333334
1.2666667
1.4285715
1.25
1.2
1.5
1.3333334
1.1428572
1.625
1.5714285
1.0
1.5
2.0
1.0
1.5
2.0
0.6666667
1.5833334
1.3
1.1428572
1.3636364
1.125
1.5454545
1.4117647
1.2222222
1.4285715
1.1666666
1.0
1.2941177
1.75
1.25
1.1428572
1.0666667
1.2222222
1.375
1.2727273
1.125
1.3333334
1.5
1.25
0.5
1.1111112
1.0
1.75
1.3
1.25
1.375
1.1
1.4615384
1.5
1.3333334
1.2941177
1.7
1.6363636
1.2727273
1.6428572
1.8
1.4444444
1.3636364
1.4705882
1.625
1.7692307
1.1666666
1.0
1.3
1.0
1.4761904
1.1818181
1.2
1.5
1.3636364
1.8
1.5714285
1.4210526
0.85714287
1.8181819
0.0
1.125
0.8333333
1.25
1.2
1.4285715
1.6666666
1.5
1.3076923
1.3846154
1.0
1.5333333
1.2727273
1.75
1.7272727
1.0
1.3333334
1.0
1.1666666
1.2
1.25
1.1111112
1.1428572
1.0
1.4444444
1.4
1.3076923
1.5625
0.8666667
1.4
1.7142857
1.4285715
1.2857143
1.3333334
1.4
1.5555556
1.125
1.5
1.5333333
1.6666666
1.0
1.1666666
1.25
1.0
1.6111112
1.6666666
1.375
1.0
1.3333334
1.4666667
1.2307693
1.4
1.2
1.1666666
1.5714285
1.375
1.5
1.4
1.2222222
1.3333334
1.3333334
1.1818181
1.2307693
1.0
1.3636364
1.0
1.25
1.5
1.3076923
1.1428572
1.3333334
1.1
1.0833334
1.0
1.4375
1.3333334
1.5
1.4285715
1.3333334
1.0
1.6666666
1.5714285
1.5
1.4
1.25
1.0
1.3888888
1.4285715
1.4
1.6
1.1538461
1.3333334
1.4761904
1.3333334
1.0
1.5
1.25
1.5454545
1.5454545
1.0
1.5454545
1.5454545
1.0
1.25
1.1666666
1.6153846
1.4
1.1428572
1.3529412
1.4
1.4705882
1.125
1.4
1.2727273
1.2857143
1.125
1.5
1.2
1.4
1.25
1.1428572
1.5652174
1.3076923
1.5454545
1.1111112
1.2727273
1.4615384
1.7
1.3529412
1.4444444
1.4545455
1.2727273
1.4
2.0
0.6666667
0.9230769
1.4
1.5384616
1.3333334
1.5
1.3571428
1.75
1.6666666
1.0666667
1.375
1.5333333
1.6875
1.1666666
1.4166666
1.5238096
1.3333334
1.5
1.3125
1.6428572
1.4074074
1.6
1.3846154
1.25
1.25
1.0
1.5
1.2
1.25
0.0
1.5
1.2
1.25
1.25
0.85714287
1.55
1.1818181
0.0
1.55
1.4
1.6
1.2777778
1.7
1.5263158
1.5555556
1.3571428
1.25
1.1764706
1.2727273
1.1538461
1.2857143
1.4166666
1.3529412
1.125
1.4166666
1.2
1.3333334
1.4285715
1.8
1.4545455
0.25
0.33333334
0.5
1.6086956
1.0
1.25
1.375
2.0
1.0
1.25
1.4
1.3333334
1.5294118
1.3333334
1.625
1.4
1.4117647
1.2857143
1.4090909
1.4444444
1.5714285
1.4
1.1428572
1.3
1.6363636
1.0
1.4285715
1.5625
1.0
1.3333334
1.3333334
1.4285715
1.65
1.5
1.75
1.5333333
1.3333334
1.5
1.3333334
1.2857143
1.3333334
1.8888888
1.2272727
1.1111112
1.5714285
1.2
1.6
1.2307693
1.4375
1.0
1.5714285
1.4
1.4285715
1.5
1.0
1.6666666
1.3
1.0
1.2
1.4444444
1.0
1.25
1.4615384
1.75
1.2222222
1.3846154
1.6
1.5
1.0
1.0
0.8333333
1.1428572
1.0
1.5714285
1.2
0.6666667
1.2
1.0
1.3846154
1.1428572
1.0
1.0
1.4583334
1.6
1.4
1.3636364
1.5714285
1.3333334
1.4166666
1.4545455
1.6666666
1.5
1.5714285
2.0
1.8235294
1.8
1.6666666
1.85
1.5714285
1.5
1.8666667
2.0
1.8
1.625
2.0
1.6666666
1.875
2.0
2.0
1.6666666
1.4
1.8571428
1.6666666
1.0
1.7272727
1.5833334
1.4
1.2857143
1.5
2.0
1.7272727
0.5
1.5714285
1.6666666
1.3
1.3333334
1.8333334
1.75
1.6363636
1.6666666
1.6363636
1.5833334
1.4
1.7857143
1.6666666
2.0833333
1.5
1.4
1.3
1.625
2.142857
1.6428572
1.6363636
1.8461539
1.7142857
1.5
1.5714285
2.0
0.33333334
1.2857143
1.9230769
1.6111112
1.4545455
1.75
1.4285715
1.0909091
1.5833334
1.1666666
1.5555556
1.7142857
1.7
1.7272727
1.8571428
1.75
1.6666666
2.0
1.75
2.0
1.3333334
1.6
2.5
1.3333334
1.3333334
2.142857
1.5
1.6
1.3076923
1.2
1.4444444
1.6153846
1.4
2.0
1.75
1.6875
1.7142857
1.5714285
1.9166666
1.8461539
1.5
1.1666666
1.5882353
2.142857
2.0
1.375
2.0
1.8333334
1.7142857
1.8571428
1.7647059
1.9523809
1.3333334
1.7647059
1.5
1.8
1.4
1.7
2.1
2.0
0.0
2.0588236
1.7894737
1.85
2.0
1.8
2.0
2.0
1.5
1.0
1.5
1.6
1.7692307
1.0
1.3333334
1.375
1.5
1.0
1.6666666
1.6363636
1.0
1.6
1.5384616
1.4
2.0714285
1.5
1.8666667
1.0
1.5384616
1.3846154
1.7826087
1.5714285
1.7272727
1.7142857
1.6
1.5
1.3846154
2.0
2.0
1.4285715
2.5
1.2222222
1.8571428
1.8571428
1.7777778
1.25
2.0
1.3333334
1.6666666
1.3333334
1.8571428
1.75
1.5714285
2.0
1.2222222
1.5555556
1.5
1.8333334
1.7692307
1.6
1.8571428
2.0
0.0
1.875
1.3333334
1.6
1.5
1.6666666
1.7222222
1.3333334
1.8666667
1.5
1.5333333
2.125
1.6666666
1.3333334
2.0
1.3333334
2.0625
1.9166666
1.875
2.0
1.6
1.625
1.5454545
1.6666666
1.5
1.4615384
1.6428572
1.5
1.5
1.6666666
1.5789474
1.5833334
1.6428572
1.3333334
1.8181819
1.7142857
1.8
1.4
1.375
1.6666666
1.75
1.8666667
1.6666666
2.0
1.8888888
2.0
1.5
1.5
1.6666666
1.5555556
1.3636364
2.0
1.0
1.5
1.4285715
1.6923077
1.3333334
1.0
1.4761904
1.6666666
1.375
1.7142857
1.5
1.6111112
2.0
2.0
1.8
1.5769231
1.5
1.8571428
1.5
1.5263158
2.0
1.75
1.75
1.5
2.0
1.8
1.75
1.3333334
1.75
2.142857
1.6666666
1.9333333
1.7777778
1.6666666
1.5
1.0
1.1666666
0.0
1.4285715
1.75
2.0
2.0
1.625
1.7777778
1.75
1.8333334
2.0
1.0
1.2857143
2.0
1.4
2.0
1.6666666
1.5
1.5384616
1.6
2.0
1.7142857
1.2857143
1.6
2.5
1.4444444
1.7
2.0
2.1
1.3333334
1.25
1.6666666
1.5714285
1.6
2.0
1.5
1.5
1.75
2.0
1.75
1.5454545
1.6428572
1.92
1.6363636
1.8333334
1.75
1.375
1.6
1.6
1.6666666
1.5
1.7777778
1.3333334
1.9
2.0
1.3333334
1.8
1.6666666
1.5
1.75
2.0
1.5
3.0
1.625
1.25
1.882353
1.8
2.142857
1.9090909
1.875
1.7777778
1.6666666
1.7083334
1.3
1.3636364
1.2
1.7142857
1.6
2.0
1.5714285
1.6153846
1.8
1.8
1.75
1.6153846
1.6153846
2.0
2.0555556
1.5833334
1.7142857
1.6111112
2.0
2.0
1.4444444
1.5
2.1111112
1.6
1.75
1.3636364
1.75
1.5
1.5454545
1.5714285
1.7272727
1.875
2.0
1.1428572
1.6666666
1.5
1.6
1.3333334
1.6666666
1.7272727
1.0
1.7777778
1.0
2.0
1.5714285
1.5263158
1.8571428
1.5714285
1.2
1.6153846
1.375
2.125
1.3333334
1.6666666
1.5
1.3333334
1.7
1.6
1.7692307
1.75
1.1666666
1.4666667
1.4545455
2.0
1.5454545
1.2
1.875
1.2307693
1.6923077
1.7777778
1.7692307
1.6
1.625
1.4
2.0
1.4444444
2.0
1.5454545
1.4
1.5714285
1.6
1.4285715
1.7
1.6666666
1.6666666
1.6
1.5
1.7058823
1.0
1.8
2.1111112
1.7142857
1.6923077
1.75
1.8888888
1.3333334
2.0
1.7142857
1.3333334
1.6666666
1.5
1.875
1.3333334
1.625
1.6666666
2.0
2.0
1.0
1.5
1.6363636
1.1666666
2.0
1.8
1.6666666
2.0
1.0
1.625
1.6666666
1.8
1.5294118
1.6666666
1.3333334
1.7857143
1.75
2.0
1.8461539
1.826087
1.75
1.125
1.625
2.0
1.6153846
1.3333334
1.3
1.375
1.3333334
1.75
1.5
2.0
2.3333333
1.3
1.8333334
1.0
1.3333334
1.7142857
2.1666667
2.125
1.5
1.8333334
1.5833334
1.6666666
1.875
1.5833334
1.75
1.7
1.25
1.5
1.7142857
1.8
1.5
1.5294118
1.6666666
1.5
1.5714285
1.5555556
1.8333334
1.75
1.5
1.0
1.7142857
1.0
1.5
1.3076923
1.0
1.125
1.6153846
1.6666666
1.7142857
1.3076923
1.6
2.0
1.375
1.75
1.0
1.6666666
1.3333334
2.0
1.4
1.4
1.5714285
1.2727273
1.6363636
1.5714285
1.5
1.5625
1.7142857
1.7142857
1.5
1.6363636
1.75
1.6153846
1.75
1.7142857
1.5
1.5454545
1.3333334
1.2857143
1.3333334
1.6111112
1.4
1.625
1.5333333
1.3333334
1.7142857
1.6666666
1.625
1.1428572
1.75
1.5454545
1.6923077
1.7857143
1.0
1.5
1.8125
1.0
1.6666666
1.5
1.5
1.75
1.625
1.75
1.25
1.7142857
1.8181819
1.7142857
1.3333334
1.8
1.0
1.4285715
2.0
1.5625
1.6666666
2.0
1.8571428
1.2857143
2.0
1.6666666
1.5
1.3846154
2.0
1.6363636
1.7
1.75
1.75
1.1
1.75
1.8
1.8888888
1.6363636
1.5
1.8571428
1.75
1.6666666
1.3333334
1.9
1.75
1.3
1.5
1.5
2.0
1.5
1.6923077
2.0
1.5
1.7142857
2.5
1.8
1.0
1.6
1.2857143
1.0
1.7857143
1.5
1.5
1.8333334
1.6
1.3
2.0
2.0
1.6
1.5714285
1.5555556
1.8235294
1.7857143
1.5714285
2.0
1.6153846
1.8666667
1.3333334
1.5
1.6
1.6666666
1.6666666
1.5555556
1.6666666
1.0
1.0
1.3636364
1.75
1.7142857
1.6
1.5
1.4
1.6666666
1.25
1.6666666
1.6666666
1.6666666
2.0
1.6
1.6666666
1.7142857
1.0
1.7142857
2.142857
1.5
1.6
1.3333334
1.5
1.6666666
1.4
1.7692307
1.625
1.4
1.7272727
2.0
1.6
0.6666667
1.0
1.6428572
1.7142857
1.4444444
1.5
1.4545455
1.0
1.6428572
1.4285715
1.0
2.0
1.2727273
1.4
1.4615384
2.0
1.5
1.8571428
1.9333333
2.0
1.6666666
1.8
1.6666666
1.6666666
1.3333334
1.6
1.2857143
1.3846154
1.7
1.4285715
1.75
1.5909091
2.0
1.6315789
2.0
2.0
1.5714285
2.142857
1.6
1.4545455
1.5384616
1.625
1.5454545
1.4285715
2.0
1.6666666
1.4285715
1.75
1.4
1.6
1.375
1.6666666
1.7272727
1.5
1.7142857
1.7142857
1.8
1.8
1.8571428
1.4
2.0
1.625
1.6666666
1.6
1.6
2.0
1.5
1.0
1.75
1.6666666
1.9090909
1.8333334
1.6818181
1.625
1.8571428
1.25
1.5
1.6666666
1.7142857
2.05
2.0
1.5
2.4285715
1.4444444
1.5882353
1.8333334
1.375
1.5
1.8
1.5555556
1.6875
1.4615384
1.5714285
1.4705882
1.75
1.7368422
1.7
1.75
1.625
1.7142857
1.5555556
1.6666666
1.5
1.4444444
1.6923077
1.8461539
1.8333334
1.5652174
1.75
1.5
1.6666666
1.8181819
1.5555556
1.6
1.6666666
2.0
1.6153846
1.6666666
2.0
1.8461539
1.625
1.7272727
1.5714285
1.3333334
1.5
1.8666667
2.0
1.4285715
1.75
1.6666666
1.3636364
1.6666666
2.0
1.25
1.5
1.5
1.8888888
1.75
1.75
1.6923077
1.6
1.5833334
1.75
1.5
1.5
1.375
1.7857143
1.75
1.0
1.5714285
1.7857143
1.3333334
1.75
1.7391304
2.0
2.0
1.5
1.8
1.875
1.7647059
1.5
2.0
1.5384616
1.8461539
1.4166666
1.375
2.0
2.0
1.25
1.0
2.0
1.0
1.75
1.2857143
1.75
1.4545455
1.4
1.6
1.2
1.6666666
2.0
1.9444444
1.5
2.0
1.7272727
1.8333334
1.75
1.6363636
1.3333334
1.7894737
1.8888888
1.8
1.4666667
1.3
1.6
1.7272727
1.875
1.5
2.0526316
1.5833334
1.8666667
1.5
1.7619047
1.5
2.0
1.6666666
1.8571428
1.6
1.5
1.25
2.0833333
1.1
0.0
1.6666666
1.5
2.0
1.6666666
1.5
1.75
1.8
1.6363636
1.8666667
1.7777778
1.6521739
1.0
1.75
1.8
1.9333333
1.5
1.8571428
2.0
1.8333334
1.8
1.4
2.1764705
1.7272727
2.1111112
1.5
2.0
1.75
2.0
1.4
1.7692307
1.8
1.5384616
0.8
1.5833334
1.4444444
1.7142857
2.0
1.75
2.0
1.8888888
1.3076923
2.0
1.9565217
1.6666666
1.6666666
2.090909
1.2857143
2.0
1.4
1.5333333
1.8
2.142857
1.6666666
1.5
2.0
1.6666666
1.5
1.7
1.3333334
1.5
1.6666666
1.8
1.8
1.0
2.0
2.0
2.0
1.5
1.4285715
2.3333333
1.75
1.4285715
1.6
1.4615384
1.7857143
1.6
1.5
1.6666666
1.625
1.7368422
1.625
1.7272727
1.5
2.0
1.4285715
1.5
1.7857143
2.0
1.75
0.0
1.5
1.6666666
1.3333334
1.375
2.4
1.5
1.4
1.3636364
1.8571428
1.8
1.4444444
1.5
1.5
1.0
1.4117647
1.625
1.8888888
1.5454545
1.6666666
1.7
1.8333334
1.3636364
2.0
1.8
1.75
1.6666666
1.4285715
1.7272727
1.8888888
1.8333334
1.5454545
1.375
2.0
1.75
1.6666666
1.6470588
1.6666666
1.9375
1.6923077
2.3333333
2.2
2.0
1.6470588
1.5
1.9166666
1.3333334
1.6363636
1.625
1.6666666
1.4
1.3636364
1.8571428
1.2
1.6153846
1.5
2.2222223
1.6086956
1.7692307
1.5
1.1875
1.6666666
1.0
1.625
1.6666666
1.4
2.4
1.7142857
2.0
1.4285715
1.5833334
1.8333334
1.8
2.0
2.0
1.4285715
1.875
1.6666666
1.6153846
1.8888888
1.7
1.8888888
2.0
2.0
1.5555556
1.75
1.4
1.5
1.625
1.3
1.7647059
1.8571428
1.25
1.5882353
1.8125
1.6111112
1.6470588
1.6666666
2.0
1.7142857
1.6666666
1.6666666
1.1666666
1.4545455
1.5384616
1.625
2.0
2.0
1.25
1.7777778
1.6666666
1.5384616
1.8
1.6923077
1.8
1.6923077
1.75
1.3333334
1.9090909
1.9411764
1.5714285
1.4
1.375
1.8
1.7142857
1.4444444
1.7142857
1.3333334
1.7333333
1.6875
1.6923077
1.7058823
2.0
1.6923077
1.5384616
1.4285715
2.0
1.882353
1.9166666
1.75
1.3333334
1.8461539
1.8333334
1.6
1.75
2.1538463
1.5
1.9
1.6666666
1.9230769
1.5833334
1.5454545
2.0
1.4
1.5
1.7857143
2.0
1.8125
1.5555556
1.25
1.7
1.6666666
1.3333334
1.5
1.6153846
1.7692307
1.8333334
1.7333333
1.8
1.8
1.5384616
1.2
1.75
1.5714285
1.3333334
1.75
1.7692307
1.6
1.8125
1.7777778
1.6666666
1.6842105
1.5
1.2222222
1.25
1.2857143
1.7272727
1.6666666
1.1
1.8571428
1.25
1.4285715
1.5
1.2857143
1.7
1.6
1.3
1.6842105
1.5454545
1.5
1.7857143
1.3333334
1.7058823
1.3333334
1.0
1.4285715
1.6666666
1.8333334
1.3
1.4166666
1.75
1.7272727
1.625
1.5555556
1.2
1.7222222
2.0
1.875
1.4615384
2.0
1.6666666
1.75
1.8461539
1.6666666
1.6666666
1.4
1.4
1.4
1.5
1.625
1.2857143
1.5
1.75
1.8125
1.5
1.5384616
1.4
1.2
1.5
1.3333334
1.3333334
1.5882353
1.5
1.2857143
1.8461539
1.5
2.0
1.1666666
1.6
1.875
1.6470588
1.8235294
1.75
1.8666667
1.8571428
1.4444444
1.8
1.1428572
2.0
2.0
2.0714285
1.5454545
1.5
1.6
1.8181819
1.0
1.4210526
1.85
1.4
1.4117647
1.3333334
1.7857143
1.8
1.6666666
1.6
1.6428572
1.3333334
1.3076923
1.6
1.3333334
1.6
1.8
1.5
1.2857143
1.3636364
1.5
1.4166666
1.4545455
1.6153846
1.7272727
1.5714285
1.375
1.5714285
1.75
1.4
2.0416667
1.3333334
1.6
1.5
1.6363636
1.4
1.6
2.0
1.6666666
2.0
1.5
2.0
1.7857143
1.75
1.7272727
1.9375
1.6875
1.5
1.5
1.8333334
1.8181819
1.8
1.3333334
1.5454545
1.6666666
1.6666666
1.8888888
1.8571428
1.8888888
1.7142857
2.0
1.7857143
1.7857143
1.7777778
1.75
2.0
1.4444444
1.5
1.8333334
1.5
1.7647059
1.6
1.4545455
1.5454545
1.7777778
1.7
1.7692307
2.2222223
1.4375
1.9166666
1.7857143
1.882353
2.0769231
1.6666666
1.7142857
1.6666666
1.6923077
1.9473684
1.5833334
1.7142857
2.125
1.6428572
3.0
1.6666666
1.6666666
1.4347826
1.5333333
1.85
1.7777778
1.5
1.3333334
1.5
1.3333334
1.875
1.6666666
1.5555556
1.8333334
2.0666666
2.0
2.1
2.0
1.25
1.6666666
1.5
1.7142857
1.4545455
1.0
1.8571428
1.5714285
1.5714285
1.4285715
1.5
1.6428572
1.6842105
1.6666666
1.3333334
1.4
1.8333334
1.8181819
1.7142857
1.25
1.5
1.9
1.3333334
1.5
1.8333334
1.5714285
1.75
1.6666666
1.0
2.0
1.7058823
1.4736842
1.5
1.0
1.75
1.6666666
1.625
1.5
1.8181819
1.0
2.0
1.3333334
1.6666666
1.6666666
1.75
1.5714285
1.875
1.6666666
1.6666666
1.3333334
1.5555556
1.75
1.5
1.0
1.75
1.6363636
1.7
1.25
1.75
1.5
1.5714285
1.6
1.6363636
1.8
1.4166666
1.4615384
1.0
1.6666666
1.75
1.3333334
1.4285715
1.75
1.8181819
1.8235294
1.8571428
1.8333334
1.0
1.5882353
1.5714285
1.8181819
1.5
1.3888888
1.3636364
1.8421053
1.5555556
1.6666666
1.8333334
1.8
1.7222222
1.9230769
1.75
1.5333333
0.0
1.6666666
1.0
2.0
1.8333334
1.3333334
1.7272727
1.8333334
1.8571428
1.875
1.4
1.8666667
1.9
1.8235294
1.8461539
1.5
1.4285715
1.2727273
1.4285715
1.7647059
1.5714285
1.875
1.88
1.7333333
1.6
1.0
2.2727273
1.5
1.4
1.8
1.5
1.6153846
1.5
1.3333334
1.7272727
0.0
1.6666666
1.5333333
1.5384616
1.3529412
1.6666666
1.8333334
1.8888888
1.5
1.2222222
1.9
1.7142857
1.4
1.3333334
2.0
1.3809524
1.8571428
1.0
1.3333334
1.8
1.5
1.8571428
1.8125
1.2
1.6
1.5714285
1.4166666
1.4761904
1.7142857
1.3333334
1.5
2.0
1.8571428
1.6666666
1.7777778
1.5714285
1.7692307
1.4
1.8571428
1.5
1.5
1.8461539
1.7142857
1.6666666
1.8571428
1.0
1.4
1.7
2.0769231
1.6666666
1.5
1.25
1.3333334
1.5333333
1.5555556
2.0
2.0
1.5
1.625
0.75
2.0
1.375
2.0
1.6666666
1.8461539
1.8
1.0
1.5
2.0666666
1.0
1.5
1.6875
2.0
2.0
2.0
1.4666667
1.5882353
0.0
1.4285715
1.5333333
1.7142857
2.0
1.0
1.5
2.0
2.0
1.6
1.75
2.0
1.7142857
1.25
1.7692307
1.9090909
2.0
0.0
1.3333334
1.25
2.0
2.3333333
1.0
1.4
2.0
2.125
1.7142857
2.0
1.4615384
1.6666666
2.0
1.7142857
1.2857143
2.0
1.7
1.4
1.6666666
1.5
1.5
2.0
1.6
2.3636363
2.1
2.0
2.1111112
2.2857144
1.6666666
2.0
2.2222223
2.142857
2.142857
1.8333334
2.0
2.3
2.1666667
3.0
2.1176472
2.0
1.8
2.142857
2.2222223
2.0
2.0
1.6666666
2.2
2.0555556
2.0
2.5
2.15
2.1666667
2.0
1.9166666
1.7272727
2.1111112
2.0
2.0
2.0769231
2.0
2.1818182
1.75
2.4285715
2.090909
2.0714285
2.2222223
2.1818182
2.0
2.0833333
2.0769231
1.8947369
1.3571428
2.25
2.1875
2.2857144
1.6666666
1.7142857
1.7142857
2.2222223
2.142857
2.0
2.0
1.75
2.1538463
1.7
2.0
2.2222223
2.0
2.0
2.2
1.9375
2.0
1.6
2.0
1.6
1.625
2.3333333
2.5
2.0
2.8
1.6923077
1.6
2.0
2.0
2.0
1.75
2.25
2.0555556
1.3333334
1.8333334
1.8
1.8571428
1.6666666
2.0
2.0
1.8181819
1.9
2.2
2.2222223
2.0714285
1.875
2.2666667
1.75
2.0
1.9583334
2.1764705
2.5
1.9166666
2.0
2.2222223
2.142857
2.6
1.9130435
1.75
2.0
2.125
2.1
1.75
1.6666666
2.142857
1.625
2.0
1.625
1.7222222
1.75
2.0
2.5
2.0
2.2857144
1.9090909
2.1538463
2.5
2.25
2.1
1.9090909
2.142857
1.8571428
2.0
2.0833333
2.5
1.6666666
2.0
1.6
1.4
1.4545455
1.8888888
1.8333334
2.0
1.7777778
2.5
2.375
1.9375
2.1111112
1.7
1.75
2.4
2.3333333
2.0666666
2.25
2.0
2.5
2.1111112
1.8
1.9230769
2.2307692
1.875
1.8888888
2.0
3.0
2.2727273
2.0
1.875
2.142857
2.0
2.0833333
2.1
1.882353
1.9166666
1.8181819
1.4
2.1666667
2.0
1.625
2.4444444
1.8333334
2.2222223
1.75
2.1333334
1.8571428
2.2857144
1.8333334
2.5555556
2.0
1.8181819
1.8
1.9166666
2.0
1.4285715
1.5555556
2.0
1.75
1.8333334
1.7
2.0
1.6666666
2.1
2.0
2.0
2.0
1.75
2.0
2.090909
2.0
1.9090909
1.7692307
2.0714285
2.375
2.2666667
1.75
2.4
2.2222223
1.7
2.0
1.8
1.9166666
2.0
2.5
2.0
2.142857
2.0
2.0
1.6
2.0
1.8235294
2.1
2.0
2.0714285
2.6666667
2.125
1.9333333
1.9230769
2.2
2.0
2.0
1.8461539
2.5
2.0
2.2
1.9166666
2.2857144
2.1818182
1.75
1.7777778
1.9230769
1.8571428
2.1666667
1.6666666
1.5833334
1.5555556
1.8888888
1.8333334
2.0833333
2.0
2.0
2.25
2.6666667
1.8
1.9166666
1.7142857
2.3333333
2.4285715
1.7
1.8
1.5
2.0833333
1.85
2.0
1.9166666
2.3333333
2.2307692
1.7777778
1.2
1.6
2.2
1.9
2.7777777
1.5
2.4
1.5
1.7692307
1.5
2.1666667
2.235294
1.8
2.0
2.142857
2.2222223
1.7777778
2.0
2.4285715
1.9
1.9411764
2.3333333
2.1
1.6190476
1.75
1.9285715
1.5625
1.625
1.9130435
1.7058823
2.0
1.7692307
1.9166666
1.8125
2.3333333
1.5
1.7692307
1.95
2.125
2.25
1.875
2.0
1.7142857
1.75
2.0
2.0
2.0
1.7142857
2.0
2.1875
2.3846154
2.0
2.142857
1.9090909
2.25
2.4285715
2.6666667
1.5
1.5
1.875
2.0
2.0588236
1.875
2.25
2.25
2.0
1.8
1.75
2.0
1.7777778
2.125
2.1538463
2.142857
2.6666667
2.125
2.3333333
1.8571428
1.6666666
1.8181819
2.0
1.5714285
2.0833333
1.7777778
2.0
2.0
1.5
1.8888888
2.0
2.1
2.0
2.0625
2.2142856
1.625
2.6666667
1.9090909
2.4444444
2.25
2.25
2.25
2.1818182
2.0714285
1.9090909
2.4
1.5
2.2857144
2.0
3.0
2.0
2.1333334
0.0
2.0
1.75
2.0
2.0
1.8
1.7142857
1.8181819
2.25
1.75
2.3333333
2.0
2.2307692
2.6363637
2.0833333
2.0
1.9090909
2.125
1.6470588
1.7272727
1.75
1.8
1.8125
2.0
2.0666666
2.0
2.125
1.9333333
1.25
1.8333334
1.8333334
1.8
2.2222223
1.7777778
2.0
2.0
1.8333334
2.2142856
1.9090909
1.8181819
1.8666667
2.4444444
2.25
1.6470588
2.1
2.0769231
1.75
1.6666666
2.0
2.047619
2.0833333
2.2857144
2.5
1.9230769
1.5
2.6666667
2.0
1.6
2.125
2.0
2.0588236
2.0833333
2.25
2.0
2.125
1.75
2.2857144
1.5
2.2222223
2.25
1.5909091
2.0
2.0588236
1.9090909
2.0
2.1764705
2.0
1.8
2.6666667
1.9411764
1.9166666
2.0833333
2.25
2.25
2.5714285
2.0769231
1.9523809
2.2222223
1.9230769
2.090909
1.875
2.125
2.0
2.25
1.8888888
2.0
1.7272727
2.0
1.7727273
1.8333334
2.3333333
1.9090909
1.625
2.3529413
2.0555556
2.2
2.3636363
1.7222222
2.375
2.0
1.3333334
2.2
1.8571428
2.0
1.5
2.4
2.0
1.5
2.5
2.0
2.1052632
2.25
2.1538463
2.0
2.1666667
2.0
1.5
2.6666667
2.0
2.0
1.7142857
1.6
2.3333333
2.0
2.0
1.625
2.0
1.5
1.25
2.142857
2.0
2.0
2.0
2.25
2.0
2.0
2.125
2.2222223
2.0
1.75
2.1666667
2.2222223
2.0666666
1.5555556
1.8333334
1.6
2.2
2.3333333
1.8333334
1.875
2.0
1.7
2.0769231
2.1111112
2.5454545
2.1666667
2.0
2.3125
2.1666667
2.0
2.0714285
2.0833333
2.125
1.8888888
2.0
2.2
2.2222223
2.2307692
2.0
2.25
2.3333333
2.6666667
1.8
2.142857
1.8333334
1.8571428
2.0
1.8333334
2.125
2.0
1.7777778
2.2857144
1.8181819
1.7272727
1.7
2.125
2.25
1.75
2.0
1.8
1.6666666
1.8181819
2.5
2.5789473
1.8888888
1.8888888
2.1666667
1.6
1.5
2.0
2.2222223
1.875
2.0625
2.6363637
2.1111112
1.9375
1.6666666
1.8888888
2.0
1.7391304
1.7142857
2.4
2.0
1.6666666
2.0
2.3333333
1.6923077
2.2
1.9
1.875
2.1
1.8571428
1.6
2.0
2.1111112
2.5
2.3
1.4444444
2.0
1.8888888
1.7
2.25
2.4
2.0
1.7272727
1.5
2.0666666
2.1818182
2.2
2.0
2.2
2.0
2.2
2.25
2.0
2.0
1.8421053
2.0
1.5714285
1.6666666
1.8
1.9230769
2.1764705
1.5833334
1.7894737
1.5
2.0
2.1666667
1.8125
2.5
2.2
1.9047619
1.7777778
2.04
2.0
2.047619
2.0
2.090909
1.8333334
2.090909
1.6923077
1.88
2.5
1.8333334
2.142857
2.0
2.125
2.0
2.1
2.3076923
2.0
2.1
2.0769231
2.2857144
2.0
2.0
2.0
2.25
2.0
1.375
1.8181819
2.3333333
2.375
1.5714285
2.0
2.1666667
2.125
2.0
2.0
1.5
2.2222223
2.1111112
0.5
2.0
1.8888888
2.1363637
1.8
1.6428572
1.9333333
1.9444444
1.7272727
1.6666666
2.1
1.75
1.7272727
2.1818182
2.0
1.8
1.7142857
1.7777778
1.8333334
2.0
1.6666666
1.7142857
2.0
1.75
1.6428572
1.7142857
2.0
1.7692307
2.0714285
2.0
2.142857
2.2
2.0
2.5
2.1666667
1.8571428
1.9333333
2.25
2.0
1.5833334
2.0
1.8333334
2.0
2.1818182
1.7272727
2.0
2.1176472
1.6666666
2.0
2.1785715
2.2307692
2.142857
1.9090909
1.7333333
2.1875
2.25
1.9
1.9
1.8461539
1.8333334
2.1875
1.8888888
1.9166666
2.1666667
1.8518518
1.8181819
2.2777777
2.1
2.0
2.2142856
1.875
2.0
2.0
2.0833333
1.875
1.8571428
2.5
2.1538463
1.7777778
1.4
2.2
2.2857144
2.0
1.9285715
2.5555556
1.8181819
2.1538463
2.2222223
1.6666666
2.25
1.5
2.3529413
2.5
2.5
2.0
2.0
2.3529413
1.6
2.6666667
2.0
1.7894737
2.0
1.3333334
1.6
2.2
2.0
2.1666667
2.2222223
1.8
2.0
1.6
2.25
1.6428572
1.6
2.1538463
2.5
2.0
2.2142856
2.0
1.8571428
1.875
2.0
1.5
1.5714285
2.0
1.75
2.3333333
2.6
1.875
1.5
2.2
2.2857144
2.3
2.5625
2.05
2.1
1.5
2.0
1.75
2.0
1.0
1.7142857
2.0
2.0
2.3076923
2.0
2.0
1.5454545
1.6
1.5
1.7857143
2.6
1.8125
2.2222223
1.8888888
1.75
1.7894737
2.125
2.2222223
2.2727273
2.0769231
1.6666666
2.3333333
2.2
1.8888888
1.75
2.235294
2.0
2.0
1.75
2.6666667
1.8461539
1.8
1.8
1.7368422
1.5
1.7777778
1.6666666
1.6875
1.882353
1.5714285
1.4444444
1.8888888
1.6666666
2.0769231
1.7777778
2.2857144
1.5714285
1.0
1.6666666
1.8181819
1.5
2.5
2.0
1.5
1.6666666
2.0
2.0
1.5
1.2857143
2.4666667
0.0
2.8333333
1.9
2.090909
1.8571428
2.1111112
1.6315789
2.1538463
1.5714285
1.9230769
1.8571428
1.6666666
1.7777778
1.8333334
2.0625
1.9166666
1.8571428
2.1818182
1.5
2.0
1.375
1.8461539
1.9090909
1.8
1.7857143
1.5
1.7142857
1.6363636
1.6666666
1.6666666
1.5
2.0
1.7777778
1.6666666
1.8333334
2.0
1.6666666
1.8571428
2.0
2.1538463
2.0
2.3333333
1.7
1.6666666
1.75
1.5
1.6666666
1.9230769
1.6363636
2.4
2.1333334
1.9090909
1.6923077
2.0
1.7777778
2.357143
2.0
2.235294
1.9090909
1.0
1.5
1.3636364
2.357143
2.0
1.9285715
2.25
2.16
2.2857144
1.8888888
1.9333333
1.9090909
2.0
2.0
2.4
1.9
2.2941177
1.8333334
2.25
1.7857143
1.7857143
1.8571428
1.6
1.8333334
2.0
2.125
2.25
2.0952382
1.625
1.8333334
2.1538463
1.8
1.5
1.7142857
1.7058823
1.8181819
1.5
2.0714285
1.6666666
2.0
2.3333333
2.2
3.0
1.8181819
1.2
2.2307692
1.8333334
2.2
2.2857144
2.1
1.6
2.0
1.75
2.4
1.5
1.75
1.9
1.8333334
1.7857143
2.25
2.1666667
2.0
1.2857143
1.9
2.142857
1.8666667
1.4
1.6666666
2.2222223
2.0769231
2.142857
2.0
1.5
2.3529413
2.2777777
1.7857143
2.090909
2.0
2.0
2.25
2.0
1.8
2.0
1.8333334
1.6428572
2.1
1.75
1.6666666
1.8666667
2.0
2.0
1.6666666
1.5555556
1.6666666
2.1111112
1.6666666
2.5714285
1.625
1.2
1.9285715
1.5454545
1.9
1.5
2.3
1.8333334
2.1666667
2.4545455
2.25
1.9090909
1.6666666
1.5
1.75
2.3333333
1.6666666
2.0
2.0
1.6111112
2.142857
1.8333334
1.8181819
1.6666666
2.142857
1.9285715
1.8
1.8333334
1.6190476
2.142857
1.75
1.8333334
1.9090909
1.9230769
1.7
2.25
2.1538463
1.8181819
2.1666667
2.5
2.0
1.9166666
1.2
2.0
1.9230769
2.125
1.3333334
1.8125
2.2222223
1.6
2.4
1.7647059
2.1
1.875
1.9
2.1111112
1.5
1.5833334
2.2
2.0
2.0
2.125
2.0
2.25
2.625
1.8333334
2.1111112
2.5
1.5
1.875
2.0
1.375
1.9
2.0
2.2142856
1.8
1.55
1.9444444
1.8333334
2.1538463
1.5714285
1.6875
1.75
1.7272727
2.0
2.5
2.1818182
1.8
1.6666666
1.9090909
1.875
2.3333333
2.0
2.2307692
1.6
2.2
2.0
1.8461539
1.3125
1.9166666
2.0833333
2.1538463
2.090909
2.0
1.8461539
1.75
1.875
1.9166666
2.2
2.6666667
2.2222223
1.8181819
1.8888888
1.6363636
1.7777778
2.0
2.1176472
2.090909
2.3333333
2.0
2.125
1.7857143
1.75
2.142857
2.0
1.7272727
2.25
1.875
1.7222222
2.1666667
2.0
1.75
2.0
1.8571428
2.142857
1.75
2.0
2.090909
2.1666667
1.5454545
2.2307692
1.9090909
2.4545455
1.7272727
2.0
2.0
1.8
1.5714285
2.1875
2.2
2.1111112
2.25
1.8888888
2.2857144
1.8125
2.142857
2.0
2.0666666
1.7142857
1.7307693
2.3529413
2.1764705
1.75
2.0
2.142857
2.0
2.0
2.0
1.8947369
2.2
2.0
1.75
1.7826087
1.875
1.9090909
1.5
2.3333333
2.090909
1.75
1.8
2.0
1.882353
1.9523809
2.0
1.6666666
2.0
1.75
2.0
1.7272727
2.0
2.1
2.2727273
1.875
2.0
2.0
2.7777777
2.0
2.0
2.0
1.5
2.6
1.5
1.25
1.5555556
2.25
2.0
1.9333333
1.5
2.0
2.4285715
2.2857144
1.875
2.3333333
2.0625
2.0
2.1111112
2.090909
2.0
1.6666666
1.5714285
2.5
1.8333334
2.0
2.0
2.0714285
2.25
1.7142857
1.75
2.1
2.0
2.0
2.125
2.125
1.5
1.7692307
1.8333334
2.1538463
2.1666667
1.75
1.882353
1.7142857
2.0
2.0
2.1111112
2.3846154
2.090909
2.0
2.5
1.6666666
2.5454545
2.3333333
1.8666667
1.7333333
2.25
1.9285715
1.8
2.2941177
1.5
2.3076923
2.0
2.3
1.9166666
1.4666667
1.8181819
2.2857144
1.8888888
2.0
1.5
1.75
1.5
2.1176472
1.8
2.6666667
2.2666667
2.0
2.0769231
1.75
1.7142857
2.1875
2.2857144
2.090909
1.875
2.090909
1.8
1.8333334
1.6666666
1.6666666
1.8076923
1.8181819
2.0
2.3
2.0833333
2.0
2.142857
2.142857
1.875
2.5
1.75
1.7777778
1.5
1.5
1.75
1.8
1.4285715
1.7777778
1.8125
1.6666666
2.0
2.0
2.0
2.0
2.0
1.8125
1.6666666
2.2222223
2.0
2.3
2.0
1.9
1.75
1.6923077
1.8181819
1.6363636
2.4
2.0
1.5714285
2.5384614
2.2
1.75
2.625
2.0588236
2.3846154
2.0
1.9333333
2.0666666
1.7777778
1.8
2.1875
1.8888888
2.0
2.1666667
2.125
1.7857143
2.4545455
2.0
2.0
2.5
2.1666667
2.6666667
2.5
2.0
2.25
1.4545455
1.8
2.2307692
1.9444444
1.9285715
2.5
2.0714285
1.5
2.0
2.2727273
2.1333334
2.1818182
1.5294118
2.1818182
2.0
2.0
2.2727273
2.1111112
2.1363637
1.8
2.0
2.25
2.1111112
1.9375
1.3333334
2.0
1.9
2.3529413
1.875
1.7777778
1.8
2.25
1.826087
1.7777778
2.0
1.2727273
2.0833333
1.8
2.1818182
1.6666666
1.5714285
3.0
2.1538463
2.375
1.9444444
2.142857
1.75
2.2222223
2.3333333
2.2
1.9090909
1.8181819
2.5714285
1.5555556
2.6
2.25
1.9166666
2.0
2.0
2.1666667
1.9090909
2.0
1.8
2.3333333
1.7692307
2.2857144
2.1666667
2.0
1.5
2.0833333
2.1818182
1.7142857
1.875
2.2727273
2.0
1.8888888
2.2857144
2.1666667
2.3333333
2.5
2.1666667
1.8888888
2.0
1.9285715
1.8333334
2.1875
2.125
2.0
1.7368422
1.5
1.0
2.2
1.875
2.0526316
2.1666667
1.95
2.1578948
1.5
2.0
2.1333334
2.0
2.25
2.0
2.0
2.0
1.9285715
2.0
2.0
2.1538463
2.0714285
1.75
2.0
2.0
1.8
1.2857143
2.0454545
2.0588236
2.090909
2.3333333
1.5
1.9
2.0
2.25
2.0
1.7894737
1.8181819
1.9090909
2.142857
1.8571428
2.0
1.9
2.15
2.0
2.0
2.0
1.7142857
1.7777778
2.3333333
2.0
2.3333333
2.5
1.625
1.8
1.625
2.2105262
2.0
2.0
1.9166666
1.6666666
1.7857143
2.1666667
2.0
1.9230769
2.0833333
1.7272727
1.8125
2.142857
2.1111112
1.6
2.0
2.0714285
1.7777778
1.7142857
2.4
1.8
2.4
2.2380953
2.0
1.8
2.3333333
1.8
2.1
1.9
1.7692307
1.9523809
2.5
2.4615386
1.8181819
1.8888888
1.7272727
1.6363636
2.1666667
1.8
2.25
2.0
1.875
2.3333333
1.75
2.4285715
2.2142856
1.75
2.0526316
2.2
2.0
1.7
2.4
2.2666667
2.1
2.0
1.8571428
1.6111112
1.5555556
1.625
1.8461539
2.0
1.6666666
2.1666667
2.0
1.8333334
2.3333333
2.1666667
1.75
2.25
2.142857
2.3333333
1.8333334
1.6666666
1.7777778
1.8
1.5
1.9
2.090909
2.0
2.0
1.8
2.1666667
2.1666667
1.6666666
2.0833333
2.0714285
1.5
1.625
1.8
1.9375
2.0
1.8571428
2.0
1.882353
2.0
2.5
2.3333333
1.9090909
2.047619
2.2222223
2.090909
1.8571428
1.4
1.8181819
2.0666666
1.375
2.3333333
1.5
2.0
2.0
1.8666667
1.8181819
2.2
1.6666666
1.5833334
2.0
1.9375
2.0
1.9
1.875
2.0
2.1666667
1.8461539
1.7
2.0
1.9166666
2.2222223
2.142857
1.9
2.1666667
1.8181819
1.0
2.0
2.1818182
1.75
2.0833333
1.7777778
1.9523809
2.0
2.0
2.2727273
1.9565217
2.0
2.2222223
2.0
2.2857144
2.25
1.6923077
1.7
2.1666667
1.625
2.0
2.3636363
2.0
1.882353
1.8
2.090909
1.9
1.9473684
1.3333334
1.5833334
1.8333334
1.7142857
1.2857143
1.7
1.6666666
2.0
1.6666666
2.0
1.9090909
2.0
2.0
2.1818182
1.9411764
2.1666667
2.3333333
2.1111112
2.0
2.0
1.8888888
2.25
1.8333334
1.8333334
2.2
2.0952382
2.142857
2.0
1.8333334
2.1666667
2.1818182
2.1764705
2.0
2.25
1.0
2.0833333
2.2
2.0
2.4285715
1.9
2.173913
1.6428572
2.0
1.5
1.7777778
1.8571428
2.0
1.8571428
1.8421053
1.2857143
1.75
1.8888888
2.6666667
2.142857
2.0
2.0
1.9
2.142857
1.8
2.3333333
2.0
1.7142857
2.0
1.5
2.25
2.1333334
1.8666667
1.4444444
2.35
2.3125
2.0454545
1.4
2.0
1.7142857
1.6666666
1.9411764
1.7272727
1.9047619
1.6363636
1.7058823
2.0769231
2.0
1.8333334
1.6666666
1.8333334
2.1111112
2.1666667
1.5
2.0
1.875
2.6666667
2.1666667
1.826087
2.0
1.8333334
1.8947369
1.6666666
1.6666666
1.9375
2.1333334
1.9090909
2.1
2.1176472
1.8
2.0
2.2142856
1.8571428
2.125
2.1818182
2.0
1.75
1.75
1.9090909
2.25
1.9090909
1.7
1.9090909
1.7142857
2.25
1.8571428
2.25
2.0
1.6666666
2.1666667
2.0
1.8
1.875
1.8461539
1.8333334
1.7142857
1.6875
1.7857143
2.3333333
2.3333333
1.4545455
1.8666667
1.9230769
1.5833334
2.0
1.8
2.0625
1.8
2.0625
2.0
1.8
1.25
1.5
1.7692307
1.5714285
1.9166666
3.0
2.1
1.8571428
2.1666667
2.05
2.142857
1.7333333
2.25
2.1666667
1.9230769
2.2
1.5
1.6666666
2.1764705
1.875
2.25
2.0952382
1.8888888
1.8888888
1.7222222
2.0
1.9411764
1.875
1.8333334
2.1
2.235294
2.1
2.0952382
1.9333333
1.8
2.25
2.0
2.5714285
1.5
1.5555556
2.0769231
1.875
1.6666666
1.8461539
2.1111112
2.0
2.0
1.6666666
1.75
2.25
1.9285715
1.9166666
1.65
1.8571428
1.75
2.3333333
1.8235294
2.0
1.6666666
1.6923077
1.8333334
2.0625
1.25
1.7222222
1.9
2.3333333
1.85
2.0
2.25
2.0
1.8
2.375
1.7692307
1.6666666
1.5
2.142857
2.1111112
1.9166666
1.6666666
1.7142857
2.125
2.1176472
2.25
1.9090909
2.1875
1.6153846
2.0714285
1.75
1.8125
1.9473684
2.0833333
1.875
1.6
2.0
2.090909
2.0714285
2.0
1.6666666
2.0
2.1
1.85
2.1666667
2.1666667
1.5714285
1.8888888
1.7058823
1.8461539
2.1818182
2.2142856
2.3333333
2.0
2.3333333
2.0
1.6923077
1.9411764
2.0
2.0833333
1.75
1.6923077
2.1818182
1.3333334
2.5
2.090909
1.75
2.142857
2.125
1.5454545
1.6666666
2.142857
2.3333333
2.125
1.6428572
2.0
1.8333334
1.5
1.3333334
2.4
2.2
2.2
1.875
1.4444444
1.8888888
2.0
1.88
2.3333333
1.8
1.6428572
2.1538463
2.0
2.25
1.6666666
1.75
1.8
2.4444444
2.1
2.0
2.3333333
2.0
2.0
2.1578948
3.0
1.9
1.625
1.8
1.6666666
1.6
1.7142857
2.0
1.6666666
2.0
1.8888888
1.9090909
1.5
1.7142857
1.9090909
2.25
1.5
2.1333334
2.3333333
1.875
2.1818182
1.0
1.7777778
1.8333334
2.090909
1.8333334
2.0
2.15
1.8947369
2.0
1.8
1.4
2.0
2.0
1.6470588
1.6363636
2.0
2.25
2.2142856
1.5
2.0625
2.2
2.0
2.0
1.4
1.75
2.1666667
1.8636364
2.1818182
2.0555556
2.1538463
1.625
1.5
1.6363636
2.0
1.9130435
2.0
1.9230769
2.375
1.8235294
2.1666667
2.2777777
1.8571428
2.0833333
2.0555556
2.125
1.8333334
2.1538463
1.7333333
1.7894737
1.6666666
2.0
2.25
2.0
1.8
1.7894737
1.8333334
1.6818181
1.0
1.75
1.75
2.0
1.5555556
2.25
1.7777778
1.1666666
2.1818182
1.9333333
1.9230769
2.125
1.75
1.8181819
1.875
2.0
1.5
1.7272727
2.0
1.8666667
1.8888888
2.2
2.0
2.125
1.9444444
2.0
2.2307692
2.1
1.8235294
1.7272727
2.0
2.2
2.1333334
2.0
1.6470588
2.3636363
1.625
1.9375
2.3333333
1.5714285
1.5625
1.8333334
2.1111112
1.5
1.6666666
2.0
1.8333334
2.142857
2.5
2.0769231
2.4545455
2.142857
2.0
2.1538463
1.9523809
1.8571428
1.7222222
2.142857
2.0
1.8888888
1.6666666
2.0
1.0
2.0
2.0
2.0
1.6
2.0
1.75
1.8
1.8
2.0
2.0
1.7777778
2.0
1.8181819
1.5555556
2.1
2.0769231
2.25
2.3636363
1.6
1.25
1.8333334
2.0
1.7
2.25
1.9375
3.0
1.9
1.5
1.75
2.142857
1.8
2.3
2.0
2.1666667
1.7647059
1.9
1.9
2.0
1.9230769
1.9333333
1.5
1.75
2.1666667
2.1666667
2.0769231
2.2
1.8571428
2.0
1.7142857
2.0
1.8333334
2.0
2.2222223
1.8333334
1.75
2.3333333
2.0
1.5714285
1.75
1.5714285
3.0
2.2
1.625
2.1666667
1.8571428
1.5
2.5
2.0
2.2
2.25
2.5
2.3333333
1.75
1.9
2.0
2.142857
2.0
2.0
2.090909
1.8888888
2.4
2.0
2.3333333
1.75
3.0
2.5
2.2857144
2.2142856
2.5833333
2.4
2.3333333
2.4
2.2
2.2307692
2.3333333
2.0588236
2.25
2.25
2.4545455
3.0
2.5
2.0
1.5714285
2.0
2.375
2.0
2.0
2.3333333
2.0
2.125
2.2857144
1.8571428
2.3333333
2.4285715
2.0
2.75
2.142857
2.0
2.8
2.0714285
2.4444444
2.1111112
1.8461539
2.0833333
1.875
2.4545455
3.0
1.9090909
2.7333333
2.0
2.4210527
2.142857
2.5
2.0
2.1764705
2.8
2.5714285
1.7333333
1.7272727
2.2222223
2.2105262
1.7857143
2.25
2.4
2.0833333
2.0
2.125
2.3
2.0666666
2.4
2.1111112
2.2857144
2.3125
2.0
2.375
2.2857144
2.1875
2.1111112
2.5
2.0
2.25
2.4285715
2.1818182
2.2941177
1.7777778
2.3333333
2.3333333
2.4444444
2.3333333
2.4444444
2.2
1.875
2.25
2.142857
1.7142857
2.3333333
3.0
2.5
2.25
2.2
1.4545455
2.2222223
2.2
2.2
1.9090909
2.0
2.75
2.4444444
2.25
2.0833333
2.4
2.4615386
2.125
2.5
2.142857
2.25
2.6363637
2.3333333
2.1111112
2.142857
2.5
2.4285715
2.0
2.142857
2.5
2.25
2.3913043
2.6666667
2.6
1.25
2.0
2.2142856
2.3333333
2.3333333
2.2222223
2.0
2.6666667
1.75
2.0
1.75
2.3333333
2.5714285
2.2727273
1.8888888
2.7
2.368421
1.7777778
2.3125
2.5833333
2.5625
2.125
2.0
1.8
2.0714285
1.6666666
2.6666667
1.8333334
2.1666667
2.0
2.5
2.0
2.5454545
2.2631578
2.2
2.0666666
2.1818182
2.3333333
2.4444444
2.0
2.3333333
2.3333333
2.2
1.6666666
3.25
2.375
1.8333334
2.0
1.7
2.142857
2.0
2.1666667
2.1111112
2.25
2.1333334
2.4
2.1538463
1.8
2.375
2.4
3.0
2.25
2.1666667
2.0
1.4444444
1.875
2.0
2.7142856
1.9
2.7777777
1.8333334
2.2
2.0
2.090909
2.0
3.0
2.05
3.0
2.6363637
2.5
2.0
2.3636363
2.4
2.8
2.1176472
2.0625
2.3333333
2.2666667
2.6666667
3.0
2.0769231
2.3
2.0
2.0
1.7
1.875
2.3333333
2.3333333
2.5
2.4
2.0
2.0
2.0
2.0
2.1666667
2.4
2.4444444
2.5
2.6666667
2.1111112
2.1666667
1.7857143
2.5
2.5333333
2.142857
2.3076923
2.1666667
2.3333333
2.75
1.5
2.3846154
1.8
2.1666667
2.2222223
2.7058823
2.2857144
2.3333333
2.4166667
1.6666666
2.142857
2.2
2.0
2.642857
2.4285715
2.375
2.0
2.1666667
2.3076923
2.5
2.2142856
2.7142856
2.3333333
2.0833333
2.8333333
2.3076923
1.7
2.25
3.25
2.2
1.6
2.1
2.2222223
2.7142856
2.2857144
2.5
2.0
2.142857
2.142857
2.5
2.5
2.5
2.6470587
1.9333333
1.9285715
2.3333333
1.5555556
2.0
2.0
2.4285715
1.7142857
2.4545455
2.0769231
2.4285715
2.4444444
2.2
2.0769231
2.9285715
1.9333333
2.6666667
3.1111112
2.3333333
2.6363637
2.3333333
2.2727273
2.0
3.0
1.75
3.0
2.6111112
2.1176472
2.375
2.0
2.3636363
2.7
2.125
3.0
2.1818182
2.0
1.75
2.4
1.0
2.1666667
2.3333333
2.2222223
2.5833333
2.2222223
1.5714285
1.6
1.9
2.125
2.2
2.0
1.9230769
2.3636363
2.3
2.25
1.8333334
1.8666667
2.5
2.25
2.6666667
2.2
2.25
1.8571428
3.0
2.2857144
3.0
2.3333333
2.3333333
2.2
2.3333333
2.1578948
3.5
2.2941177
2.0
2.0
2.5
2.125
1.8
2.8
2.25
3.0
2.6666667
2.2857144
1.882353
2.4545455
2.125
2.3
2.3333333
2.3076923
2.15
2.0
2.4347825
2.8
2.5714285
1.75
2.4210527
2.2857144
2.3333333
2.4615386
2.2777777
2.0
2.5454545
2.0
2.3333333
2.5625
1.8
2.1875
2.0
2.4
2.6
2.0
1.7777778
2.642857
2.0
1.5
1.8
2.1111112
1.6
2.2857144
2.0
2.3636363
2.8
1.0
2.4285715
2.0
2.0
2.2142856
2.0
3.0
1.8181819
2.5555556
1.8461539
2.0
2.0
2.2857144
2.1538463
2.1111112
2.0
2.5
2.5
1.9444444
2.4
2.2307692
2.3333333
2.1538463
2.4545455
2.4666667
3.0
2.2727273
2.0769231
2.4210527
1.95
2.1111112
2.5
1.9333333
2.1578948
2.1
2.0
2.0
2.6
2.0
2.4
2.1
2.4444444
1.5
2.4666667
2.3333333
1.75
1.9090909
2.5
2.1176472
2.3333333
2.3333333
2.0
2.0
2.4615386
2.9166667
2.6
2.5
1.25
2.375
2.0833333
2.0
2.4666667
1.8
2.0625
2.3076923
2.0
1.75
2.125
2.2222223
2.1111112
2.0
2.1111112
2.0
2.0
2.7
1.75
2.3157895
1.875
2.3636363
2.8333333
1.5
1.7
2.0
1.8571428
2.0714285
1.8
1.8333334
1.6666666
2.375
1.0
2.5
2.0
2.3
2.142857
1.8888888
1.9230769
2.25
2.2142856
2.1111112
1.875
2.1111112
1.5
1.4285715
1.4285715
1.6
1.625
2.5555556
2.0666666
1.875
1.5714285
1.875
2.7
2.2
2.0769231
1.8333334
2.0
2.2941177
2.3636363
2.3043478
2.3333333
2.0
1.882353
2.3636363
2.3076923
2.5
2.1818182
2.5
1.8571428
2.0
2.0
2.8
2.7777777
2.0
2.875
2.6666667
2.1111112
1.7142857
1.75
2.25
1.3333334
2.0
1.8888888
1.7142857
2.2
2.2857144
2.4
2.3333333
2.5384614
2.5714285
2.375
4.0
3.0
2.3333333
2.1875
2.8
2.3333333
2.4
2.2857144
2.0625
2.0
2.2
2.4
2.142857
2.4
2.7
2.5
2.8
2.6923077
2.0
2.0
2.3636363
1.6363636
2.5
2.5
2.357143
1.8888888
1.4
2.1666667
2.0
2.7
2.142857
2.0666666
2.25
2.1818182
2.0
1.8333334
2.0
1.8
2.2
2.3333333
1.7692307
2.0
1.5
2.0
1.9
2.0
2.1666667
1.9
2.357143
2.3333333
2.0
1.9333333
2.375
2.6666667
2.25
1.75
2.4
2.0
2.1
2.4
2.0
2.5
1.8333334
1.6
1.8888888
1.9230769
2.2
2.2
2.0
2.2
2.3333333
2.2222223
2.8
1.882353
2.142857
2.4545455
2.3157895
1.6666666
2.0
2.357143
2.5
2.0
2.0
2.125
3.0
2.25
2.8333333
1.75
2.5
1.8888888
2.3636363
2.3125
2.3333333
2.4666667
2.0666666
1.9411764
2.2105262
1.8333334
2.5714285
2.0
2.0
2.25
1.8333334
1.6666666
2.0
1.9411764
1.8333334
2.3125
1.9285715
1.7142857
2.4545455
1.25
1.875
2.2857144
2.0714285
2.2777777
1.5
2.0
2.2
2.3333333
2.5714285
2.2
2.5
2.0
2.8
2.2
1.5
2.5555556
2.0
2.25
2.2222223
2.0
2.2142856
1.9
2.125
1.8125
2.25
2.2142856
2.1666667
2.625
2.7142856
2.875
2.3
2.0
1.8461539
2.2631578
2.1538463
2.2380953
2.25
2.5
3.0
1.9166666
2.375
2.7857144
1.8
3.0
2.0
1.8571428
1.8
2.25
2.25
2.4444444
2.2666667
2.1111112
2.0
1.8571428
1.7142857
2.2
2.4166667
1.3333334
2.0833333
2.75
2.2380953
2.5
2.090909
2.3125
2.5
1.8
2.1
2.0
1.6666666
1.7333333
2.3333333
2.6666667
1.8
2.2
1.75
2.0
1.5714285
2.2222223
2.0
2.0
2.1666667
2.3
2.2222223
2.1764705
2.2857144
1.7142857
2.0
2.0
1.8333334
2.125
1.75
2.0
1.875
1.625
2.6666667
2.2727273
2.125
2.375
2.0
2.3
2.142857
1.9
1.8333334
1.8571428
2.0769231
2.0
1.75
2.1333334
2.7222223
2.0
2.15
2.4
2.0
2.0
2.5555556
2.5
2.8
1.8333334
1.5384616
2.2857144
2.5555556
2.0
2.3076923
2.28
1.6
1.6666666
2.1666667
2.1578948
2.142857
2.25
2.5
2.1818182
2.0
1.2857143
2.6
1.6153846
2.2727273
1.5
1.9090909
2.1
1.9333333
2.2666667
2.5
2.5833333
2.2222223
1.3333334
3.0
3.0
2.4615386
2.3333333
1.8571428
2.2142856
2.235294
2.7142856
2.8333333
2.0
2.1666667
2.2222223
2.0
2.25
2.5833333
2.6
2.3333333
2.3333333
2.1
2.2
2.2857144
2.1818182
2.5
2.1818182
2.090909
1.8
2.5
2.0
2.3846154
2.25
2.0
1.6666666
2.1666667
2.5
2.0
2.25
2.0
2.5
2.3076923
2.1818182
1.6666666
2.4
1.9090909
2.5454545
2.0833333
2.0833333
1.8
2.3846154
2.1666667
2.5
2.2
1.6666666
2.8125
2.3
2.6923077
2.0
2.1333334
1.9
2.6666667
2.8
2.3333333
2.8181818
3.5
2.3636363
2.0
2.3636363
1.9230769
2.125
2.0769231
2.2
2.4444444
2.125
2.3333333
2.0
2.2857144
2.090909
2.4
2.6
2.1538463
2.6666667
2.0
2.75
2.3076923
2.0
2.0
2.2
2.4615386
2.0
2.25
2.0
3.0
3.0
2.125
2.0
2.4375
1.9444444
2.0
2.3157895
2.625
2.0714285
2.1666667
2.0526316
2.5714285
2.1333334
2.5
2.0
2.142857
2.2666667
2.0
1.7777778
2.6666667
2.0769231
2.3
2.0416667
2.6666667
2.0
2.0
2.0
2.5
1.4444444
2.85
2.5238094
2.0
2.25
2.25
2.1
2.3181818
2.6666667
1.5555556
2.0
1.9565217
2.0714285
2.0
1.8333334
2.0
2.625
2.2777777
1.9
2.5714285
2.2222223
2.2222223
2.5
1.7142857
2.5
1.8
2.0833333
2.590909
2.625
2.7272727
2.0
2.8333333
2.375
2.1111112
1.75
2.0
2.6
2.0
2.4
2.0625
1.6153846
3.1111112
2.4285715
2.2666667
2.0
2.3333333
1.7647059
1.875
2.0
1.7272727
2.1764705
2.35
2.5
2.909091
1.8181819
2.0
2.1
2.2777777
2.5
2.4166667
2.1666667
2.3333333
2.375
2.6666667
1.6666666
2.0
1.8
2.5555556
2.0
1.8181819
2.4444444
2.4285715
2.0
2.6666667
2.5
1.7142857
2.3846154
2.0
2.1666667
1.625
2.4166667
1.8333334
1.625
2.3333333
2.0
2.2666667
2.7777777
2.0
1.6
2.9
1.5714285
1.8
2.0
2.0714285
1.8333334
2.75
2.1333334
1.5
1.9333333
2.6470587
2.1
2.8461537
2.2105262
2.8666666
2.2222223
1.875
1.75
1.8333334
1.8461539
2.0
1.8333334
1.5
2.3125
1.8888888
1.9166666
2.1304348
2.3333333
2.0
1.6363636
3.0
2.3333333
1.6
1.6666666
2.2
2.375
2.0
2.2307692
1.8
2.0
2.25
2.1818182
2.4615386
2.1875
2.2222223
2.2857144
2.1111112
1.8333334
2.5
2.5
1.8
1.8
1.5
2.3333333
2.3333333
2.142857
1.6666666
2.3333333
1.6666666
2.1818182
2.0
1.0
2.3636363
2.1666667
2.2
2.0
1.9090909
2.3333333
1.5
1.5384616
2.4285715
2.3333333
2.5
2.0
2.3043478
1.7857143
2.0
2.1875
1.8181819
2.0
2.1538463
2.2727273
1.8888888
1.4545455
1.9
2.3529413
2.0
2.142857
2.1666667
2.1111112
2.2608695
2.5555556
2.3
2.8181818
2.4285715
2.4285715
2.0666666
2.3333333
2.1111112
2.2857144
2.0
2.7142856
2.8181818
2.3333333
2.5
2.1818182
2.7333333
2.4285715
2.4285715
2.0
2.375
1.9230769
2.090909
2.1666667
2.0
2.0
2.5
1.75
1.9333333
2.0
2.4705882
2.4705882
1.9333333
1.8
1.9473684
2.1666667
1.0
2.0454545
2.25
2.5
2.04
2.0
2.0
2.25
1.6363636
2.3076923
2.142857
2.3333333
2.5
1.8333334
2.6363637
2.3846154
2.3333333
2.0526316
2.0714285
1.8333334
2.2857144
2.8
1.9375
2.8461537
2.1
1.7857143
2.4285715
2.1666667
3.0
1.8
2.375
1.8333334
1.9333333
2.5
1.7142857
2.7222223
2.0416667
2.75
2.5882354
2.4
1.5
2.0
2.2222223
2.2307692
1.7777778
2.0
2.5714285
2.0666666
1.625
2.2
2.0
1.6153846
1.9375
1.8
1.625
2.0
2.1111112
2.0714285
1.8333334
2.090909
3.5
2.5
2.25
2.4
2.6666667
1.9
1.8
2.5
2.5
2.5
2.0
1.7142857
3.0
2.1666667
2.090909
2.25
2.0
